0 144 0.190319217
0 412 0.150727515
1 389 0.19609019
1 371 0.134443697
1 244 0.163190802
1 165 0.174074479
1 373 0.137511999
2 293 0.163758371
2 41 0.180887383
2 369 0.170059984
2 306 0.182806837
2 276 0.176831344
2 94 0.120352917
3 112 0.197680077
3 385 0.126264793
3 150 0.140046354
3 119 0.177768137
4 355 0.103524834
4 395 0.127514045
4 300 0.137329771
4 3 0.117252223
4 21 0.134080469
4 54 0.109187375
4 251 0.105650884
4 445 0.147854109
5 450 0.117708687
5 357 0.186820777
5 137 0.121300991
5 234 0.135883648
5 397 0.116256487
5 110 0.188891355
5 240 0.102706063
5 361 0.153387426
5 125 0.133670059
6 481 0.18776283
6 28 0.19465656
6 158 0.106511427
7 32 0.157197128
7 100 0.124217405
7 69 0.1410926
7 230 0.182420587
7 371 0.146341297
7 476 0.155124376
8 250 0.154568367
8 277 0.128688042
9 144 0.151986693
9 380 0.145129934
9 285 0.193646345
9 39 0.196442888
10 115 0.130608783
10 428 0.10231833
10 389 0.123046433
10 31 0.125809028
11 161 0.192506238
11 412 0.151456419
11 357 0.148366888
12 481 0.194050405
12 299 0.151652188
12 70 0.160210768
12 489 0.15774647
13 258 0.151101907
13 200 0.198440912
13 233 0.124193411
13 365 0.154026705
13 462 0.175735453
13 18 0.170147172
13 88 0.14746176
14 318 0.102096669
14 85 0.173117687
14 102 0.171753766
14 351 0.173713266
15 0 0.136614655
15 163 0.104359189
15 371 0.112692184
15 305 0.183642392
15 355 0.170773927
15 21 0.195536572
15 314 0.163412751
16 229 0.128836711
16 54 0.162062621
17 3 0.161319772
17 484 0.192744046
17 73 0.175664685
17 266 0.183847453
17 395 0.166926296
17 493 0.163435882
17 403 0.179743397
17 244 0.134882064
17 149 0.179587004
17 152 0.10208451
18 161 0.137337625
18 3 0.164733417
18 173 0.19040907
18 14 0.148802368
18 112 0.19124648
18 305 0.171795678
18 227 0.142496729
18 206 0.194576103
18 473 0.174818759
18 250 0.196422256
18 125 0.154611377
18 127 0.144058653
19 138 0.141529768
19 299 0.163705453
19 399 0.144234573
19 433 0.133948311
19 158 0.131881226
19 79 0.198258364
19 414 0.133369725
20 69 0.136359883
20 41 0.186238586
20 172 0.156621477
20 305 0.106307925
20 18 0.1262082
20 56 0.146332323
21 33 0.111589824
21 305 0.19314627
21 145 0.144525591
22 229 0.141211738
22 136 0.141938516
22 10 0.131817565
22 462 0.10144863
22 245 0.144822861
22 282 0.124567066
23 257 0.11242067
23 456 0.163564398
23 394 0.143502644
23 210 0.1148571
23 307 0.142477668
23 247 0.185233846
24 329 0.168453455
24 3 0.146641761
24 139 0.181694132
24 342 0.18431707
24 190 0.140920399
25 64 0.159414897
25 262 0.135863046
25 110 0.160582183
26 0 0.189594915
26 417 0.19727864
26 322 0.103564255
26 422 0.163189843
26 424 0.147569799
26 426 0.177500708
26 301 0.170304021
26 209 0.150882865
27 484 0.167255498
27 235 0.137160647
27 336 0.115061293
27 467 0.188212152
27 30 0.163829526
27 214 0.163708864
27 190 0.108266234
28 137 0.117681965
28 196 0.132847728
28 377 0.186487753
28 39 0.140118568
29 163 0.152286399
29 178 0.16107891
29 179 0.103778029
29 372 0.10774669
29 23 0.127368914
29 376 0.181686591
29 126 0.138683283
30 320 0.138274319
30 132 0.134267737
30 137 0.168927933
30 497 0.13081987
30 148 0.105905923
30 411 0.197909239
30 286 0.156341666
31 73 0.147871047
31 202 0.164225477
31 429 0.157192093
31 211 0.10159855
31 188 0.168119649
31 350 0.146588622
32 448 0.154488891
32 161 0.163410282
32 42 0.178936691
32 180 0.178016306
32 433 0.169797228
33 1 0.19867752
33 34 0.117006366
33 3 0.15335245
33 458 0.135901232
33 78 0.136826913
33 309 0.183379953
33 251 0.19370364
33 91 0.179999158
33 286 0.137375154
34 168 0.101495414
34 264 0.177874643
34 381 0.132218286
34 486 0.17316044
34 71 0.177057808
35 40 0.176669199
35 401 0.110803344
35 307 0.186750029
35 309 0.105528476
35 303 0.198959661
36 416 0.125747709
36 450 0.12887281
36 251 0.13117764
36 307 0.176512927
36 122 0.193961076
36 155 0.166862955
36 383 0.161993685
37 316 0.132883159
37 36 0.147324187
37 486 0.136304002
38 121 0.18737777
38 439 0.169366443
38 108 0.158847863
38 159 0.136220854
39 443 0.133661491
39 61 0.17692843
39 222 0.137601562
40 122 0.147957199
40 347 0.154466781
40 474 0.174578989
41 97 0.195406301
41 485 0.176997054
41 9 0.157124944
41 426 0.191352655
41 113 0.166277327
41 56 0.110968266
41 474 0.101314671
41 159 0.10474384
42 1 0.109170245
42 195 0.167114582
42 11 0.157686568
42 403 0.164180098
42 22 0.111193866
42 124 0.136136541
42 63 0.183806952
43 336 0.118892078
43 75 0.131174157
43 263 0.144988447
44 120 0.13793288
44 209 0.14778879
44 373 0.190941983
44 289 0.126553442
45 35 0.150623333
45 164 0.137760065
45 265 0.148701585
45 332 0.112812384
45 178 0.172511662
45 483 0.112269453
45 187 0.132207653
46 67 0.137232732
46 494 0.125306189
47 321 0.124827365
47 74 0.103651593
47 171 0.140939406
47 237 0.122576004
47 449 0.160926227
48 320 0.118948995
48 114 0.11408479
48 219 0.115267867
48 282 0.191255574
49 168 0.138819125
49 211 0.121037796
49 382 0.135525587
49 286 0.184737588
50 241 0.135962278
50 494 0.195763282
50 17 0.108899177
50 307 0.153001644
50 117 0.1264399
50 409 0.160127888
51 34 0.122315646
51 455 0.14943312
51 169 0.127052864
51 48 0.19942342
51 434 0.136250788
51 213 0.16451548
51 25 0.160646591
52 225 0.16974075
52 3 0.193228522
52 436 0.149411104
52 438 0.139023324
52 235 0.148586081
53 97 0.183510691
53 114 0.106666988
53 170 0.17630638
53 6 0.196395774
54 451 0.146769688
54 324 0.176151887
54 209 0.149525541
54 81 0.178764108
54 371 0.137447381
54 185 0.192307433
54 164 0.18079353
55 321 0.177095969
55 418 0.186727695
55 133 0.132708379
55 269 0.128201267
56 234 0.169476559
56 252 0.191061197
56 165 0.15169802
56 402 0.15714487
57 128 0.1479845
57 132 0.162341606
57 463 0.143276764
57 179 0.178677854
57 470 0.194344525
57 159 0.187237939
58 329 0.162466381
58 317 0.141563047
58 85 0.193040088
58 278 0.178482765
58 239 0.14194425
58 413 0.199689137
59 343 0.123884655
59 226 0.147114531
59 258 0.154306839
59 189 0.174190621
59 103 0.146537352
60 137 0.129108949
60 197 0.141793387
61 3 0.111693172
61 324 0.162555269
61 107 0.118629454
61 46 0.177106691
61 213 0.11981482
61 444 0.124713785
61 277 0.174933326
62 137 0.114772389
62 366 0.186840707
62 143 0.165294858
62 368 0.15695642
62 373 0.17907019
62 431 0.160732825
62 277 0.115981368
63 168 0.196080536
63 329 0.189847167
63 419 0.127836786
64 224 0.149370765
64 248 0.131420161
64 91 0.162820759
64 404 0.191037624
65 193 0.152926713
65 197 0.125540709
65 457 0.174552668
65 75 0.142264723
65 437 0.101221078
65 477 0.122708726
66 416 0.196632983
66 483 0.190488003
66 247 0.123189589
67 141 0.175452524
68 413 0.107583568
68 1 0.184880844
68 245 0.113681174
68 373 0.102409503
69 256 0.141263802
69 36 0.15214349
69 7 0.179533082
69 104 0.157972103
69 235 0.184801801
69 469 0.119940558
69 185 0.106506583
70 352 0.159086638
70 292 0.185432963
70 231 0.121512087
70 395 0.181593292
70 238 0.118464111
70 110 0.106024819
70 310 0.198026339
70 27 0.181753158
70 476 0.114408932
71 39 0.178229132
71 494 0.105676998
71 242 0.143020028
71 55 0.100821047
71 88 0.117377738
71 476 0.191110529
72 318 0.104529867
72 317 0.157467212
72 286 0.154545639
73 338 0.125418459
73 405 0.171309065
73 286 0.149275282
73 47 0.163315959
74 69 0.138552464
74 236 0.174175409
74 13 0.183214398
74 431 0.153483388
74 145 0.144926747
74 21 0.162604776
74 120 0.143045429
74 377 0.14126038
74 186 0.162853115
74 446 0.187566215
75 420 0.117900522
75 470 0.156177081
75 77 0.160060474
75 174 0.193095339
75 143 0.164894343
75 339 0.171393465
75 246 0.167124026
75 127 0.149831457
76 379 0.113552012
76 195 0.186992036
76 199 0.183774982
77 145 0.175481933
77 237 0.139114624
77 17 0.126337231
77 307 0.190719377
77 27 0.194446087
77 380 0.122266028
78 5 0.144528916
78 262 0.137999482
79 129 0.145809923
79 230 0.153884387
79 38 0.197587934
79 391 0.147917418
79 172 0.100634119
79 431 0.128579392
79 84 0.153147596
79 343 0.181817031
79 212 0.166597499
79 442 0.125860149
79 485 0.189379486
80 144 0.198855398
80 168 0.133615298
80 283 0.127219742
80 45 0.110913569
81 24 0.171925173
81 114 0.101984607
81 403 0.148530469
81 52 0.128577374
81 290 0.157640754
82 280 0.19089303
82 275 0.131618279
82 116 0.175473777
83 73 0.160017059
83 468 0.133868829
83 223 0.163826261
84 389 0.172053521
84 491 0.103296373
84 434 0.147861209
84 109 0.152883351
84 274 0.192788354
84 311 0.102125634
85 10 0.195937459
85 27 0.175002278
85 327 0.180380734
86 258 0.164275895
86 495 0.135679083
86 311 0.1895696
87 289 0.178468048
87 396 0.120001521
87 301 0.170662465
87 109 0.122657423
87 429 0.114790726
87 285 0.142111091
88 136 0.199056471
88 162 0.138339056
88 67 0.172654633
88 471 0.142834941
89 113 0.190158026
89 381 0.171779299
89 79 0.195292647
90 458 0.13881023
90 428 0.177856518
90 318 0.106268636
91 280 0.106085033
91 252 0.155168352
91 174 0.141212338
91 78 0.119915557
91 167 0.129495864
92 161 0.178004922
92 450 0.137681027
92 395 0.106878765
93 13 0.101173575
93 37 0.165186551
94 24 0.19474546
94 283 0.104753978
95 34 0.163086116
95 99 0.195391772
95 194 0.181131228
95 304 0.176897466
95 497 0.188803524
95 468 0.163272451
95 446 0.144950792
95 278 0.111010167
95 414 0.190968689
96 427 0.189953721
96 77 0.187720404
96 208 0.185226171
96 82 0.122384075
96 56 0.105014911
96 30 0.1982364
97 353 0.188565862
97 434 0.138395282
97 398 0.163518999
98 268 0.127117681
98 362 0.180632201
98 84 0.127818015
98 421 0.1211352
99 323 0.108473516
99 134 0.125672035
99 275 0.152170958
99 74 0.173580003
99 338 0.114505061
99 307 0.1268346
99 246 0.123842189
99 381 0.127895346
100 324 0.135171102
100 495 0.117714987
100 306 0.179619404
100 116 0.136478873
100 47 0.197789336
100 221 0.168289623
101 449 0.106448663
101 31 0.130021392
102 200 0.140581627
103 472 0.146694006
103 115 0.134475443
103 308 0.115228125
104 495 0.158259059
104 268 0.142673137
104 205 0.174443015
104 271 0.158315921
105 377 0.166060126
105 339 0.160940898
106 216 0.187009467
106 75 0.1457225
106 365 0.152426813
107 290 0.127881028
107 453 0.141578541
107 40 0.186844348
107 489 0.179834043
107 269 0.122496058
107 144 0.13678489
107 433 0.103156137
107 441 0.132697468
107 156 0.181193003
108 384 0.136548741
108 364 0.153177653
108 303 0.146629335
108 113 0.178940767
108 82 0.141224906
108 87 0.14381534
108 281 0.168985209
108 29 0.122808392
109 97 0.159704989
109 483 0.107591843
109 30 0.198893397
109 161 0.127858853
110 68 0.184979993
110 42 0.189311171
110 238 0.16903341
110 349 0.192670192
110 150 0.136006224
110 413 0.125375653
111 58 0.147389113
111 194 0.172500941
112 40 0.176507218
112 298 0.122543627
112 11 0.153083288
112 284 0.122182971
112 103 0.184041228
113 289 0.104973799
113 386 0.184314248
113 213 0.149892301
113 54 0.100265108
114 134 0.150515625
115 1 0.175818443
115 268 0.17737593
115 110 0.142449301
116 101 0.199432211
116 295 0.167624611
116 495 0.107325089
116 409 0.149710109
116 126 0.163449491
116 197 0.183852121
117 96 0.15967835
117 432 0.146836466
117 291 0.16816691
117 111 0.103827746
117 176 0.171486777
117 440 0.124262882
117 408 0.182327624
117 57 0.199393459
117 495 0.104576078
118 299 0.182086199
118 434 0.131125753
118 43 0.119200875
118 181 0.183329218
119 70 0.169333317
119 202 0.112949467
119 491 0.197959563
119 176 0.181819393
119 440 0.105950239
119 18 0.125128425
119 211 0.143166758
119 184 0.143296841
120 260 0.17363567
120 133 0.199877699
120 231 0.186346352
120 273 0.190008391
120 499 0.12946619
120 187 0.153294847
120 255 0.164438542
121 64 0.169384229
121 264 0.102391521
121 482 0.131130714
121 336 0.130390923
121 95 0.168914019
122 384 0.180128983
122 259 0.195094575
122 326 0.192736563
122 78 0.101641938
122 335 0.130927439
122 49 0.180415868
122 195 0.17708552
122 313 0.135061394
123 322 0.120889698
123 195 0.154833732
123 76 0.121634686
123 50 0.188456774
123 51 0.101990764
123 213 0.114338507
123 28 0.175113944
123 383 0.17384125
124 472 0.181520789
124 385 0.123556125
124 53 0.170031557
124 469 0.161856565
125 225 0.110381034
125 355 0.139481617
125 357 0.112962232
125 38 0.181590506
125 41 0.157807052
125 48 0.118539399
126 312 0.154873421
126 392 0.176750736
126 228 0.132620248
127 488 0.142919322
127 97 0.106652118
127 117 0.156779423
127 225 0.159387117
129 277 0.118652418
129 110 0.180046305
129 439 0.144489357
130 84 0.17619506
130 386 0.155159977
130 76 0.188840362
130 397 0.197994657
131 228 0.1713283
131 431 0.155813667
131 432 0.123377507
131 436 0.163055521
131 132 0.199524259
131 317 0.14203214
131 254 0.174336367
132 306 0.151451899
132 283 0.150346793
132 69 0.169827862
132 165 0.103160561
133 384 0.114390691
133 450 0.151424062
133 104 0.11208199
133 10 0.15118913
133 118 0.198967453
133 318 0.167313047
134 114 0.10758073
134 117 0.108393113
135 136 0.197015611
135 441 0.153196335
135 396 0.190647897
135 278 0.179303912
136 355 0.169756725
136 101 0.118877127
136 106 0.141108322
136 369 0.115678864
136 114 0.162093215
136 387 0.164148224
136 117 0.136666205
136 219 0.151738863
136 124 0.163314232
137 264 0.187939535
137 358 0.12819026
137 318 0.12406098
137 7 0.182148503
138 329 0.172346576
138 12 0.189188116
138 367 0.135825549
138 240 0.155796417
138 278 0.118198034
138 279 0.126092625
138 123 0.183999867
139 376 0.131934742
139 401 0.108185091
139 118 0.114208749
139 375 0.115241686
140 82 0.155892458
140 50 0.159143541
140 213 0.185126219
140 246 0.129886748
140 314 0.133986487
140 58 0.172178722
141 312 0.165104734
141 404 0.193844518
141 330 0.190784379
141 372 0.1582046
141 425 0.138044198
142 252 0.118882573
142 253 0.109064332
142 414 0.132804264
142 431 0.139255164
143 344 0.134235255
143 418 0.144548137
143 403 0.152664976
143 253 0.101086193
144 417 0.183216189
144 454 0.136599361
144 230 0.144426857
144 170 0.193165409
144 77 0.199145682
144 465 0.102892655
144 54 0.196408155
144 346 0.10023255
145 228 0.113388793
145 199 0.11648063
145 392 0.112274095
145 298 0.186001965
145 459 0.131548785
145 26 0.110189809
146 337 0.107229143
146 401 0.160141233
146 242 0.184377988
146 499 0.153294207
146 25 0.15359861
146 60 0.10797955
147 338 0.165010709
147 278 0.133328129
147 359 0.171730021
148 338 0.149756099
148 406 0.107811878
148 151 0.1864684
149 421 0.170423445
149 198 0.101694966
149 396 0.137920277
149 45 0.171276017
149 497 0.111998861
149 316 0.187014821
150 440 0.19199605
150 252 0.124138651
151 452 0.103046228
151 5 0.183537375
151 40 0.190485235
151 169 0.110690146
151 206 0.141824683
151 498 0.133708457
151 29 0.125317062
151 255 0.124889196
152 245 0.155896532
152 390 0.189077573
153 368 0.154012084
153 49 0.197479736
153 418 0.197189422
153 171 0.190909168
153 473 0.194115244
154 416 0.184253646
154 202 0.152971481
154 144 0.124160998
154 212 0.1804653
154 86 0.126662946
154 285 0.14220235
155 258 0.132572248
155 195 0.199691866
155 226 0.116537806
155 334 0.194278723
155 173 0.137535363
155 343 0.190971819
155 479 0.163627218
156 368 0.144344342
156 42 0.141424939
156 211 0.132866007
156 170 0.196558853
157 220 0.141260076
157 26 0.183900965
157 283 0.155435776
157 196 0.129667522
157 453 0.146191855
158 472 0.183439687
158 322 0.145835984
158 52 0.104097489
158 422 0.111768489
158 366 0.147902484
159 265 0.147852776
159 322 0.194187741
159 434 0.155384651
159 477 0.148164831
160 401 0.112042788
160 482 0.18640965
160 372 0.159827556
160 293 0.13086013
161 261 0.170762299
161 326 0.117145369
161 40 0.133574971
161 392 0.177633766
161 438 0.159811853
161 152 0.151661872
161 380 0.102665959
162 468 0.103424814
162 197 0.137448182
162 285 0.15445784
163 194 0.171018174
163 123 0.197792808
163 205 0.169103315
163 334 0.120622339
164 292 0.186293108
164 498 0.154174576
164 284 0.175271298
164 229 0.173635847
164 325 0.152107913
165 157 0.169462698
165 486 0.195682888
166 35 0.143127151
166 70 0.139779643
166 82 0.17646428
166 52 0.156452258
166 373 0.18727518
166 404 0.198170873
166 61 0.150406936
166 318 0.168818513
166 437 0.136047657
167 465 0.10122858
167 210 0.106913507
167 390 0.180914814
167 302 0.131465099
168 386 0.188390085
168 46 0.137472947
168 221 0.178394687
168 251 0.167775677
168 412 0.140307185
168 29 0.106743144
169 138 0.103812965
169 282 0.199899954
170 50 0.129741215
170 183 0.192728656
170 53 0.178118481
170 294 0.147900342
170 117 0.175906635
171 34 0.175349634
171 342 0.139444809
171 166 0.111481866
171 458 0.137972332
171 107 0.126061055
171 275 0.148116589
171 22 0.127563162
171 217 0.143481362
171 414 0.177452713
172 1 0.199012607
172 258 0.181288903
172 359 0.146084835
172 244 0.153860006
172 343 0.191782538
173 6 0.188057838
173 398 0.131433908
173 81 0.183372119
173 183 0.172968983
173 248 0.126148247
173 312 0.196727595
174 478 0.175680212
174 475 0.181308253
174 348 0.132263388
174 190 0.184389593
174 46 0.10038894
175 485 0.131249225
175 69 0.111194868
175 223 0.197262551
176 160 0.167296595
176 105 0.161785956
176 384 0.112414033
176 488 0.167036061
176 402 0.192054973
177 89 0.159078175
177 498 0.18789364
177 69 0.159979446
177 158 0.115002745
177 457 0.165081075
178 452 0.199309905
178 199 0.138921383
178 397 0.128229192
178 403 0.188222401
178 249 0.129336097
178 27 0.142193083
179 162 0.110769984
179 114 0.101099791
179 19 0.158153716
179 181 0.193246741
179 342 0.150348174
179 345 0.167656611
179 126 0.111454019
180 323 0.128816036
180 5 0.114697949
180 427 0.117366372
180 46 0.164617025
180 11 0.145987571
180 19 0.178358386
181 58 0.196949477
181 182 0.105521476
182 193 0.120658119
182 445 0.197341145
183 266 0.103002321
183 315 0.160544952
183 388 0.123804543
184 98 0.152602082
184 4 0.19222175
184 325 0.135759399
184 299 0.195259057
184 242 0.1918818
184 276 0.172505637
184 248 0.12502244
184 379 0.14993195
185 487 0.172909797
185 457 0.172665529
185 267 0.149966914
185 212 0.1117414
185 283 0.137641273
185 62 0.111952724
186 329 0.109380512
188 436 0.175181589
188 26 0.149118644
188 356 0.126390033
188 7 0.132451265
189 433 0.103634357
189 354 0.163742849
189 364 0.118130935
189 460 0.182841173
190 91 0.126446754
190 364 0.17937244
190 215 0.188931623
190 409 0.170694447
190 90 0.100447039
190 315 0.188361688
190 350 0.173469656
191 386 0.178747435
191 383 0.173126871
191 71 0.132028497
192 134 0.168843641
192 444 0.15930843
192 335 0.17622229
192 17 0.179711328
192 340 0.134308174
192 111 0.180378426
192 412 0.124427969
192 157 0.182365035
193 32 0.13592962
193 376 0.197957307
193 426 0.177875573
193 317 0.124717656
193 303 0.190228397
194 322 0.172337858
194 489 0.149884967
194 398 0.187346729
194 307 0.151884093
194 142 0.137833072
194 377 0.186238581
194 28 0.1629427
195 121 0.141766204
195 378 0.156065119
195 283 0.1234182
195 191 0.142744183
197 65 0.197919314
197 67 0.159973006
197 70 0.104735634
197 254 0.107569293
197 283 0.135514268
197 158 0.134244533
198 379 0.174128191
198 452 0.120655028
198 341 0.161477555
199 364 0.117697933
199 363 0.111388453
199 4 0.159102277
200 297 0.136314909
200 466 0.139371569
200 49 0.107257754
200 178 0.176772141
200 116 0.138442213
200 382 0.180651526
201 72 0.152577898
201 365 0.139729328
201 174 0.14396866
201 143 0.16376077
201 275 0.138915462
201 117 0.16437218
201 153 0.19173421
201 478 0.127514828
202 465 0.184335857
202 90 0.145888501
202 405 0.1346001
202 302 0.135587041
202 71 0.143312085
203 256 0.133450875
203 113 0.120703595
203 392 0.119619343
203 464 0.10784945
203 49 0.119196615
203 469 0.103523327
203 349 0.141234096
204 280 0.153049063
204 66 0.119132868
204 101 0.159632573
204 286 0.100434672
204 157 0.109374951
205 224 0.156650714
205 324 0.165562098
205 366 0.104254711
205 336 0.178513745
205 82 0.161614444
205 55 0.126998296
205 314 0.149807906
206 260 0.132994529
206 390 0.128089086
206 487 0.138136095
206 124 0.147359157
206 75 0.179391788
206 367 0.117000139
206 79 0.17099417
206 156 0.185066736
206 414 0.18527557
207 289 0.139378914
207 130 0.170609834
207 311 0.114841079
207 21 0.146604341
207 157 0.111636647
208 458 0.107652972
208 237 0.161749043
209 160 0.103600251
209 386 0.107498756
209 267 0.18468478
209 301 0.144286403
209 113 0.17961107
209 216 0.169016106
209 93 0.108841616
210 320 0.150819358
210 235 0.173017038
210 441 0.109281455
210 57 0.198509657
210 126 0.10673327
210 377 0.192183555
211 130 0.120205084
211 276 0.175829441
211 146 0.115085169
211 429 0.136956999
212 275 0.156447905
213 115 0.198137086
213 397 0.108509788
214 229 0.100645864
214 70 0.16980835
214 460 0.160800991
214 77 0.136313141
214 402 0.158243561
214 275 0.1609895
215 2 0.12291699
215 179 0.198106353
215 234 0.191619452
215 87 0.106332907
216 36 0.128673112
216 487 0.164189105
216 302 0.107931859
216 405 0.118968901
216 214 0.168963201
216 184 0.197379794
217 480 0.192479489
218 375 0.143575884
218 105 0.104062903
218 291 0.14826573
218 391 0.111010064
218 265 0.160481983
219 481 0.188333601
219 194 0.174883206
219 198 0.130807384
219 138 0.145166484
219 271 0.113650784
219 305 0.113580798
219 148 0.170452328
219 181 0.172372098
219 285 0.197212924
220 419 0.135236083
220 69 0.102930683
220 332 0.153363886
220 367 0.119532218
220 91 0.153055995
220 446 0.134761403
221 336 0.134330576
221 179 0.130029182
221 447 0.119384495
221 334 0.124618786
221 391 0.115030907
222 168 0.104662697
222 84 0.101736027
223 360 0.184842225
223 2 0.106204805
223 45 0.104605164
224 496 0.161444776
224 297 0.170724913
224 174 0.132172
224 441 0.19476573
225 255 0.125375215
225 93 0.13967225
225 223 0.126771093
226 61 0.146160854
226 22 0.106658258
227 193 0.168925209
227 323 0.193729825
227 310 0.147011023
227 454 0.125919252
227 449 0.19341016
227 265 0.167367539
227 236 0.189039072
227 110 0.157829133
227 277 0.185599769
227 150 0.111056487
227 154 0.18726939
228 193 0.163833246
228 424 0.115784599
228 234 0.156906713
228 331 0.116244692
228 237 0.147187924
228 429 0.193559059
228 406 0.135413666
228 93 0.17314413
228 319 0.107138424
229 377 0.192509284
229 441 0.141637952
229 189 0.155111074
229 54 0.124976863
229 425 0.117409425
230 361 0.136965304
230 307 0.182837868
230 357 0.167711839
230 390 0.103462659
231 416 0.145699199
231 81 0.180885164
231 209 0.141214647
231 337 0.132755578
231 177 0.175886502
232 24 0.107120716
232 233 0.174382608
232 240 0.142106901
232 214 0.144776391
233 289 0.132796591
233 481 0.165726479
233 429 0.166587607
233 241 0.147507269
233 370 0.136044051
233 184 0.142030727
233 350 0.199688411
234 65 0.12080751
234 163 0.154239208
234 176 0.14850434
234 24 0.135823037
234 60 0.151260077
234 223 0.117628578
235 159 0.157416011
235 51 0.14785127
235 415 0.107363212
235 118 0.192485311
235 383 0.172915673
235 29 0.144453326
235 287 0.132212751
236 339 0.197272288
236 235 0.156469211
236 293 0.103474036
236 486 0.173714338
237 281 0.102826772
237 481 0.155756169
238 214 0.150405876
239 27 0.147411125
239 415 0.124893568
239 86 0.173263112
239 343 0.152581307
240 193 0.136295934
240 294 0.142284606
240 135 0.102028692
240 141 0.105946285
240 434 0.193927748
240 312 0.104087587
241 391 0.182478955
241 491 0.165053762
241 13 0.133032598
241 499 0.185584924
241 50 0.100677173
241 179 0.158062793
241 56 0.19249819
242 483 0.15518969
242 374 0.165327559
242 492 0.122490921
242 109 0.129726141
242 438 0.177325833
242 311 0.151505992
242 122 0.164576954
243 161 0.135506796
243 358 0.187658188
243 493 0.13976156
243 400 0.164486974
243 273 0.190016658
243 376 0.13689115
243 90 0.146963025
244 9 0.197488836
244 27 0.199629807
244 300 0.180418799
244 374 0.152862334
245 480 0.177499919
245 358 0.158034574
245 297 0.115291375
245 80 0.100602398
245 81 0.149217815
245 345 0.102047159
246 36 0.126101555
246 37 0.158377761
246 327 0.13742753
246 210 0.153720626
246 468 0.125392613
246 24 0.161582878
246 411 0.100989159
247 346 0.191446468
247 340 0.148735384
247 310 0.194808254
247 62 0.135044202
247 453 0.188896892
248 236 0.174585285
248 362 0.189983531
248 44 0.10365537
248 421 0.131426505
248 489 0.119014673
249 80 0.192284204
249 217 0.130837114
249 362 0.137796583
249 479 0.136189303
250 194 0.140374031
250 362 0.182866365
250 401 0.159776203
250 86 0.165934029
250 252 0.109375262
250 317 0.171257971
251 32 0.168760712
251 129 0.125218613
251 482 0.151833506
251 67 0.163955898
251 102 0.123382396
251 362 0.171611505
251 12 0.125756458
251 256 0.141597154
251 241 0.144356012
251 181 0.118777
251 315 0.105486411
251 26 0.197914253
251 223 0.144471834
251 286 0.146422468
251 95 0.122583574
252 360 0.101238662
252 108 0.173150088
252 17 0.177799003
252 434 0.138973472
252 53 0.172654341
252 413 0.132175121
253 434 0.122286198
253 284 0.181328353
253 14 0.139588333
254 392 0.188498734
254 89 0.116499611
254 461 0.124903546
254 167 0.155348546
255 449 0.155704248
255 386 0.163673691
255 292 0.192737288
255 437 0.124486347
255 280 0.172146176
255 479 0.19585802
256 40 0.150959783
256 153 0.188850717
256 298 0.178137613
256 206 0.149706382
258 298 0.160091612
258 211 0.162386335
258 484 0.199873128
258 174 0.106571518
258 143 0.167793797
259 88 0.126360664
259 212 0.110549075
259 69 0.179235718
260 488 0.143644112
260 42 0.14136557
260 400 0.145737537
260 279 0.115487007
260 347 0.176420109
260 317 0.198056092
261 440 0.141210052
261 329 0.107243446
261 390 0.13081206
261 86 0.175747983
262 432 0.132626311
262 450 0.1463137
262 353 0.113641898
262 138 0.180066459
262 397 0.126829963
262 461 0.184676525
262 304 0.143476025
262 248 0.177898045
263 323 0.153839776
263 42 0.163254932
263 16 0.142313182
263 86 0.157682921
263 122 0.102590802
263 378 0.124312148
263 159 0.146664685
264 344 0.169785056
264 266 0.195526893
264 252 0.171281795
264 189 0.178314985
265 65 0.13628514
265 285 0.127042568
265 198 0.111181846
266 66 0.171276921
266 109 0.193080912
266 303 0.121719167
267 102 0.146823051
267 488 0.131214329
267 210 0.146446933
267 472 0.166629452
267 25 0.177210066
267 314 0.185826723
268 121 0.1530361
268 203 0.197738826
268 260 0.182317735
268 281 0.191352983
268 227 0.162412001
269 280 0.15259912
269 320 0.11710906
269 444 0.119225403
270 240 0.175845672
270 289 0.117125391
270 428 0.172717479
271 320 0.155255386
271 361 0.167932166
271 282 0.199001527
271 235 0.14897415
271 156 0.126227971
272 124 0.124275507
272 2 0.187991725
272 91 0.125516275
272 28 0.122852539
272 245 0.10635727
273 184 0.132620209
273 344 0.185314314
273 269 0.171093621
273 438 0.104658504
274 288 0.157540583
274 233 0.196403319
274 162 0.164563579
274 475 0.107393283
275 353 0.172823524
275 229 0.114506041
275 305 0.118576533
275 171 0.156795807
275 16 0.106275519
275 241 0.155788485
275 218 0.131377379
275 187 0.174482252
276 228 0.177569532
276 262 0.184948752
276 324 0.138519311
276 299 0.111666503
276 111 0.161318858
276 184 0.118112819
276 164 0.193936723
277 275 0.145964672
277 74 0.182055504
277 35 0.194124508
277 452 0.120406302
278 194 0.132967769
278 361 0.137738684
278 202 0.14209595
278 237 0.135329789
278 372 0.124915763
278 125 0.15354415
279 496 0.154273478
279 41 0.167455385
279 363 0.109339009
279 399 0.180990816
279 368 0.165989631
279 402 0.158812206
279 211 0.126582368
279 213 0.129413147
279 93 0.164447756
280 337 0.185794724
280 106 0.13260245
280 140 0.102103353
280 349 0.105147956
280 342 0.174408559
281 360 0.156220959
281 332 0.174787401
281 173 0.111964972
281 302 0.102910548
281 309 0.188178074
281 447 0.145218981
282 409 0.136474522
282 429 0.16634019
283 357 0.171716024
283 312 0.110351121
283 23 0.183130724
283 216 0.178667488
283 442 0.158279267
283 474 0.131176475
283 319 0.164526253
284 112 0.175104186
284 265 0.123720749
284 331 0.105575519
285 131 0.161114966
285 270 0.115146346
285 50 0.119485379
285 14 0.189575688
285 310 0.164676002
285 121 0.1046812
285 253 0.168803989
285 318 0.156894587
286 131 0.15162158
286 406 0.163269433
286 235 0.182659325
287 0 0.197492918
287 241 0.160378069
287 372 0.102075359
287 269 0.195545644
287 143 0.106956308
288 210 0.145370016
289 65 0.109925074
289 221 0.191691903
289 246 0.169714324
289 407 0.173712925
290 363 0.128206967
290 164 0.124192489
290 41 0.116487031
290 299 0.144188251
290 45 0.191732828
290 466 0.13720127
290 281 0.171685238
290 186 0.111905275
290 27 0.155478287
291 97 0.151560203
291 154 0.170962542
291 258 0.199569
292 339 0.120599932
292 235 0.121446708
292 268 0.171263052
292 85 0.128325973
293 233 0.164669014
293 284 0.186487321
293 486 0.162523196
293 134 0.118033268
293 431 0.199274807
294 264 0.183884826
294 162 0.115194741
294 405 0.137540218
294 110 0.104409525
294 239 0.181034004
295 408 0.140167839
295 113 0.127849201
295 170 0.104246054
295 275 0.102354762
295 335 0.143038696
296 258 0.133465618
296 471 0.198237781
297 34 0.132006283
297 260 0.131167433
297 170 0.150175839
297 391 0.12834739
298 96 0.135786274
298 234 0.130790774
298 13 0.198715737
298 463 0.178275804
298 410 0.111363463
298 94 0.192814876
298 447 0.131974868
299 265 0.121201929
299 368 0.128913112
299 148 0.126139891
299 341 0.137966124
299 185 0.137252779
299 154 0.156012095
299 446 0.120581552
300 362 0.167951442
300 397 0.164093229
300 48 0.116274187
300 465 0.176392458
300 274 0.110458221
300 214 0.147088601
300 315 0.171922166
301 379 0.185349004
301 142 0.175916011
302 160 0.101057412
302 9 0.195017308
302 291 0.192215212
302 247 0.195388744
303 273 0.117235118
303 258 0.147324847
303 427 0.199586959
303 421 0.157088403
303 447 0.161881235
304 326 0.148517066
304 465 0.17732705
304 43 0.11168347
304 270 0.195925827
304 113 0.149414272
304 274 0.112297399
304 216 0.126741447
305 77 0.104290881
305 383 0.174622854
306 0 0.182585591
306 230 0.168535678
306 140 0.130355083
306 335 0.143556772
306 179 0.127380901
306 180 0.146827126
307 276 0.184369902
307 188 0.144711536
307 127 0.126950264
308 330 0.16559495
308 475 0.135558051
308 370 0.188149142
308 190 0.193259047
309 101 0.12938456
309 326 0.180097918
309 459 0.11501854
309 306 0.148543301
309 149 0.185649827
309 474 0.129641888
309 445 0.195234137
310 259 0.157158348
310 101 0.163251379
310 401 0.180475603
310 42 0.140326021
310 17 0.169999434
310 435 0.122716637
311 224 0.147862072
311 209 0.103022765
311 273 0.127783352
311 87 0.152856846
312 155 0.156287938
312 452 0.100261132
313 304 0.106275123
313 73 0.192681077
313 330 0.134265024
313 206 0.152497421
313 255 0.138571979
314 448 0.184836904
314 355 0.130555523
314 468 0.188452911
314 213 0.150613342
315 70 0.196641711
315 456 0.113330213
315 330 0.156414771
315 75 0.157675613
315 338 0.183480888
315 334 0.197420116
315 18 0.1807682
315 281 0.162996182
315 156 0.182955184
316 491 0.132711548
316 361 0.164172335
316 427 0.129242071
316 205 0.185640303
316 302 0.170888659
316 182 0.144874123
317 409 0.129669458
317 233 0.142704274
317 322 0.119744456
317 164 0.155933953
317 127 0.153378307
318 5 0.134556949
318 239 0.194939203
318 241 0.118704682
318 405 0.181453499
318 310 0.180213924
318 27 0.164855845
318 222 0.181135426
319 252 0.130153559
319 186 0.109590667
319 244 0.161812158
319 353 0.17511987
320 161 0.136771483
320 298 0.157025677
320 175 0.130243397
320 177 0.187290772
320 345 0.135401517
320 15 0.100275526
320 190 0.158087297
321 291 0.112528969
321 195 0.18700398
322 356 0.195787293
322 94 0.186346479
322 414 0.168327964
322 408 0.135347426
322 420 0.144795271
322 379 0.126084938
322 318 0.156186928
323 16 0.164353855
323 121 0.139807992
323 426 0.185831055
323 451 0.140642507
323 479 0.17240101
324 264 0.134415497
324 17 0.175571797
324 210 0.148605394
324 261 0.121034425
324 465 0.128937085
325 412 0.105824754
325 341 0.198946486
326 409 0.109902464
326 89 0.144349719
326 426 0.184809448
326 111 0.1976968
327 261 0.119707815
327 11 0.1956938
327 432 0.179913272
327 440 0.133666607
327 348 0.184665292
327 125 0.181628912
328 264 0.153372925
328 441 0.114293606
328 303 0.171897448
328 127 0.10288461
329 424 0.123980782
329 453 0.174128567
329 189 0.174118036
329 7 0.10098106
330 257 0.135956326
330 195 0.109988913
330 324 0.127454093
330 404 0.124957211
330 343 0.137125003
330 484 0.149575025
331 355 0.153613015
331 79 0.196762201
331 406 0.115547466
331 71 0.120014898
332 408 0.169073009
332 488 0.112973864
332 170 0.153979595
332 333 0.116531302
333 178 0.1318375
334 436 0.175114721
334 342 0.116542998
334 190 0.156274642
334 255 0.12896451
335 296 0.189421183
335 440 0.161017955
335 451 0.134559667
335 213 0.134987884
335 295 0.194709144
336 122 0.153519122
336 4 0.172739472
336 46 0.159132432
337 312 0.131267975
337 375 0.116258154
337 451 0.189510603
337 367 0.111172004
338 441 0.176417497
338 28 0.184658306
338 173 0.159705204
338 278 0.128093942
338 7 0.192513956
339 96 0.184115742
339 192 0.188557226
339 419 0.199800083
339 384 0.127940275
339 170 0.136052799
339 320 0.160386626
339 210 0.159416675
339 180 0.185060664
339 315 0.188157627
340 34 0.182595913
340 107 0.147817678
340 12 0.188282721
340 130 0.150486216
340 493 0.146740792
340 342 0.150313713
341 67 0.143643188
341 475 0.121064762
341 462 0.17918265
341 135 0.136637558
342 97 0.19831932
342 482 0.159941084
342 421 0.179187872
342 272 0.151896451
342 249 0.146182782
342 313 0.126359028
342 381 0.145274938
342 318 0.197306512
342 287 0.147717182
343 440 0.130418454
343 241 0.121667027
343 346 0.189518182
343 457 0.160112791
343 313 0.191537807
344 442 0.138513266
344 468 0.136866722
345 451 0.103155789
345 361 0.145928762
345 394 0.120337602
345 459 0.143750894
345 333 0.169842221
345 144 0.11005945
345 277 0.172401115
345 185 0.11693315
346 416 0.199560541
346 202 0.174722776
346 174 0.136344798
346 94 0.121148286
346 414 0.173862105
347 210 0.178155654
347 220 0.145573147
347 37 0.129369084
347 7 0.124766703
348 96 0.147652597
348 368 0.192662236
348 202 0.130776201
348 196 0.141950224
349 323 0.137843907
349 200 0.140436328
349 202 0.19477774
349 203 0.139460448
349 335 0.112427094
349 176 0.198169326
349 401 0.113912158
349 252 0.118702176
350 193 0.177180303
350 98 0.176225275
350 99 0.185339838
350 392 0.194040137
350 393 0.172115787
350 204 0.120496439
350 14 0.172353417
350 216 0.123759422
350 31 0.129319156
351 194 0.179227821
351 195 0.151090526
351 293 0.121822223
351 394 0.165335263
351 51 0.159369649
351 414 0.126654428
351 182 0.194307915
351 446 0.126613294
351 217 0.131281269
351 126 0.150097159
351 389 0.17157058
352 147 0.139633176
352 101 0.179406001
352 195 0.192898398
352 367 0.171059484
353 320 0.186500748
353 193 0.148163126
353 108 0.196288312
353 76 0.150314901
353 83 0.132198509
353 311 0.154232444
353 89 0.131566838
354 16 0.164172956
354 468 0.192010602
354 276 0.103384962
354 157 0.140477343
354 350 0.195285981
355 336 0.168860804
355 130 0.158140639
355 199 0.198495716
355 167 0.196457187
355 272 0.141416607
355 19 0.107433232
355 473 0.145053756
356 314 0.106938547
356 157 0.117634908
356 199 0.137991744
357 408 0.17586271
357 265 0.133919883
357 347 0.199718864
357 28 0.151445141
358 377 0.175571954
358 461 0.10443273
358 230 0.11705118
359 265 0.117271974
359 98 0.174206689
359 367 0.194692171
360 384 0.196349036
360 379 0.158226088
360 427 0.117950365
361 384 0.129443995
361 330 0.174070148
361 462 0.12446825
361 431 0.182391069
361 125 0.131323533
361 255 0.105896946
362 81 0.116268403
362 475 0.181625457
362 84 0.143559052
362 405 0.162616066
362 374 0.107460559
363 386 0.190410914
363 5 0.153152068
363 173 0.155439845
363 435 0.104787008
363 309 0.196846489
363 118 0.173231115
364 88 0.175376154
364 192 0.125498067
364 83 0.184254862
364 264 0.12065648
365 163 0.175104568
365 102 0.159239206
365 429 0.124283061
365 419 0.164907051
365 153 0.18280035
365 479 0.158688144
366 483 0.114830115
366 292 0.181963714
366 486 0.127650052
366 139 0.170998187
366 142 0.175301907
366 143 0.113148001
366 24 0.15148385
367 235 0.177135366
367 371 0.162194867
367 84 0.171033667
367 245 0.120741401
367 344 0.175203944
367 349 0.174452541
367 309 0.175199152
368 391 0.135841954
368 46 0.180020302
368 112 0.11075684
368 181 0.186491483
368 374 0.14720995
368 220 0.169809047
369 225 0.1236123
369 171 0.134870234
369 372 0.185553664
369 221 0.198276585
369 494 0.195705792
370 123 0.141502724
370 52 0.14663884
370 487 0.134230687
371 461 0.120953129
371 101 0.181443071
371 383 0.173320621
372 224 0.160010075
372 132 0.113824058
372 423 0.198971721
372 9 0.182160902
372 156 0.176637765
372 126 0.107259684
372 191 0.193857145
373 452 0.10130159
373 294 0.160951077
373 462 0.107348468
373 277 0.102796553
373 412 0.117556041
373 221 0.115444836
373 479 0.111415185
374 3 0.109776919
374 103 0.180841676
374 488 0.19539149
374 402 0.136157195
374 334 0.127313792
374 177 0.141889901
374 114 0.171640796
374 379 0.146450088
375 34 0.198135348
375 52 0.103669992
376 196 0.122917201
376 365 0.184673423
376 14 0.181849847
376 239 0.191599961
376 120 0.168866087
376 20 0.163797408
376 311 0.197275047
376 88 0.143146017
376 92 0.113806994
376 30 0.133680705
377 492 0.121839324
377 66 0.134535235
377 124 0.13498785
378 288 0.122127988
378 43 0.120805315
378 277 0.153815116
379 260 0.179249536
379 37 0.158778994
379 326 0.151980354
379 392 0.133791378
379 14 0.180120159
379 22 0.148342701
380 75 0.124656527
380 308 0.169345886
381 10 0.106220967
381 364 0.14873102
381 141 0.178240119
381 470 0.132698993
382 231 0.143816601
382 394 0.102498411
382 366 0.105937087
382 403 0.119120899
382 30 0.122399105
382 127 0.170580815
383 345 0.191208208
383 476 0.129926621
383 278 0.112036723
383 367 0.136606274
384 90 0.184831773
384 275 0.102484998
384 93 0.182484193
384 494 0.15996383
384 445 0.178268515
385 154 0.151010918
385 27 0.177172599
385 196 0.127474647
385 342 0.163849509
386 280 0.117225087
386 162 0.169924878
386 387 0.119292322
386 61 0.109488033
386 491 0.159915664
387 225 0.139907989
387 82 0.119906035
387 331 0.117287484
387 262 0.120302225
387 175 0.187825834
388 137 0.111872138
388 257 0.190765621
389 280 0.117744659
389 81 0.102318114
389 315 0.150581517
390 0 0.111267984
390 33 0.11715429
391 309 0.10775178
391 150 0.16607279
391 455 0.107597444
392 58 0.117633578
392 468 0.18699023
392 445 0.112152714
392 271 0.114344325
393 353 0.178714024
393 182 0.137042134
393 6 0.106097001
393 264 0.157864468
393 169 0.169416865
393 456 0.145521909
393 498 0.113420066
393 405 0.175147425
393 278 0.151094088
393 437 0.16159219
394 481 0.127151762
394 18 0.180925405
395 0 0.100943482
395 104 0.167202484
395 402 0.175781607
395 451 0.19305126
395 201 0.111992695
396 205 0.18984223
396 209 0.164420171
396 178 0.13122787
396 307 0.171848115
396 406 0.121824663
396 343 0.12586228
396 89 0.13387935
396 377 0.101394407
397 411 0.145829027
397 164 0.151997507
397 327 0.122136744
397 107 0.132469975
397 245 0.141473553
397 186 0.139652608
397 27 0.179702833
398 220 0.159930406
398 138 0.192725462
398 204 0.181544521
398 190 0.151909378
399 192 0.193087423
399 288 0.106390963
399 274 0.189106266
399 146 0.179462676
399 411 0.169621872
399 349 0.181332762
400 482 0.122098547
400 275 0.112243675
400 405 0.159380194
400 86 0.151188862
400 406 0.139219087
401 485 0.128937779
401 40 0.133289532
401 243 0.181341033
401 345 0.152581948
401 26 0.154210728
401 250 0.15369086
402 288 0.139197805
402 400 0.192846152
402 236 0.13956155
402 293 0.146401249
402 15 0.1329704
403 363 0.137685321
403 85 0.151849629
403 126 0.156280167
404 449 0.118329084
404 7 0.147862304
404 462 0.163682422
404 111 0.11085687
404 116 0.187456657
404 213 0.160268906
404 346 0.133148004
404 31 0.177702984
405 458 0.162243416
405 330 0.100074042
405 147 0.113533606
405 349 0.163058115
406 71 0.131369689
406 9 0.133379405
406 366 0.167300914
406 79 0.116422495
406 497 0.139006579
406 345 0.143933446
406 252 0.132288369
406 445 0.187697998
407 428 0.128735357
408 232 0.151119655
408 385 0.171622069
408 394 0.185777431
409 481 0.156437803
409 139 0.107035723
409 110 0.176304537
409 335 0.159777781
409 314 0.144294132
409 175 0.112544467
410 40 0.137274841
410 208 0.121823936
410 253 0.198747116
410 376 0.166843222
411 97 0.115602848
411 211 0.171478968
412 163 0.132915353
412 382 0.175680415
412 51 0.102431205
412 20 0.102844908
412 373 0.170193406
412 221 0.109130085
412 158 0.132274579
413 374 0.125052825
413 412 0.134218376
413 182 0.166297202
413 46 0.150267668
414 390 0.112845847
414 460 0.162904581
414 13 0.169012772
414 178 0.10632947
414 441 0.180372881
414 410 0.178614451
415 184 0.116945801
415 371 0.161576029
415 275 0.11447833
415 461 0.152540211
415 255 0.140251796
416 368 0.123451643
416 315 0.133347996
416 455 0.177768514
417 449 0.183034345
417 73 0.101685744
417 11 0.152300286
417 366 0.104613283
417 82 0.174864078
417 435 0.107695352
417 277 0.141024226
417 287 0.122483265
418 448 0.100574267
418 1 0.178388041
418 355 0.125223214
418 310 0.12983584
419 395 0.116911918
419 69 0.11762123
419 75 0.131828872
419 336 0.196539066
419 243 0.117731894
419 212 0.142406363
419 184 0.162732269
419 185 0.148506373
420 8 0.183060524
420 444 0.154480492
420 236 0.164944609
420 191 0.135559749
421 64 0.113954518
421 258 0.177223029
421 386 0.176015767
421 47 0.188670276
421 246 0.124065117
421 220 0.180301243
422 226 0.181647034
422 133 0.18335288
422 456 0.151352302
422 12 0.154308573
422 108 0.13997499
422 445 0.177114973
422 350 0.107373719
423 162 0.167299022
423 67 0.185680099
423 206 0.13959503
423 144 0.143161127
423 120 0.129288897
423 29 0.195484093
424 210 0.132490777
424 381 0.184814564
424 354 0.142859414
424 119 0.189771079
425 40 0.151952135
425 228 0.1409443
425 373 0.107521206
425 438 0.16162044
426 72 0.156518808
426 465 0.163306541
426 315 0.10093037
426 342 0.134377406
427 264 0.177746916
427 185 0.139011465
427 79 0.115276155
428 10 0.186030408
428 442 0.169100055
428 122 0.121774364
428 22 0.173314279
428 279 0.166770285
429 336 0.148706152
429 166 0.124980299
429 360 0.154630412
429 143 0.175096693
429 16 0.131566825
429 465 0.125887018
429 57 0.190254334
429 154 0.109072222
429 479 0.174064199
430 257 0.12784553
430 226 0.189792778
430 77 0.153115879
430 147 0.185699689
430 381 0.161771736
430 447 0.167353754
431 324 0.143611055
431 461 0.187574963
431 375 0.182965442
432 448 0.190582051
432 130 0.184826552
432 171 0.124024837
432 467 0.145830648
433 227 0.16503096
433 294 0.198155659
433 140 0.145312927
433 80 0.172855624
433 277 0.183622268
433 445 0.158154987
433 373 0.140793997
434 280 0.155674245
434 473 0.160605805
434 379 0.174667906
434 271 0.14096385
435 491 0.149720261
435 279 0.182034604
435 334 0.108086083
435 400 0.118567054
435 115 0.143134101
435 116 0.103421297
435 343 0.102932452
436 481 0.130468645
436 194 0.179276819
436 332 0.158912928
436 463 0.188284533
436 246 0.136626168
436 27 0.101576276
437 353 0.121867878
437 94 0.166260606
437 417 0.19849355
438 449 0.113031323
438 354 0.194183781
438 196 0.126609884
438 298 0.124120959
438 332 0.116558673
438 179 0.135746059
438 408 0.156443468
438 409 0.107310238
438 219 0.131365271
439 460 0.181901655
439 395 0.131839915
439 44 0.131543368
439 382 0.189623041
440 444 0.123145268
440 370 0.197004059
440 67 0.167387601
440 348 0.138646416
440 492 0.10103284
441 427 0.115602022
441 274 0.142095783
441 347 0.185857664
441 419 0.183643195
442 162 0.192275863
442 35 0.118764771
442 346 0.100517346
442 13 0.142900012
442 389 0.159429528
443 257 0.119597939
443 163 0.188098661
443 389 0.136334052
443 104 0.154515836
443 328 0.193324768
443 319 0.110854812
444 260 0.140415263
444 199 0.156962973
444 264 0.18346257
444 362 0.185329588
444 82 0.181375828
444 446 0.113417643
445 193 0.108360177
445 355 0.18435368
445 425 0.160077006
445 492 0.176670331
445 250 0.16584441
445 412 0.164404791
445 478 0.169650378
446 140 0.155623973
446 82 0.197443551
446 13 0.154850098
446 50 0.129525062
446 403 0.100432546
446 474 0.132736289
447 232 0.185696862
447 125 0.127858793
448 221 0.1190464
448 292 0.106150865
448 69 0.14329381
448 366 0.175034412
448 197 0.179275485
449 386 0.1479691
449 259 0.138478833
449 399 0.114892912
449 245 0.168980356
449 216 0.107683895
449 157 0.111200477
450 169 0.176862985
450 54 0.163537889
451 24 0.186332934
451 106 0.16642238
451 379 0.104559591
451 242 0.198575424
452 25 0.104280476
452 493 0.105171012
452 353 0.132985497
453 49 0.102816217
453 126 0.104684499
454 34 0.167404608
454 474 0.159997963
454 446 0.176214001
455 273 0.167508878
455 326 0.182667566
455 206 0.105685569
456 244 0.136152064
456 236 0.198352013
457 304 0.126126395
457 194 0.189126814
457 469 0.165384074
457 359 0.183396726
458 354 0.178600274
458 75 0.155482425
458 316 0.134059619
458 62 0.185815411
459 297 0.15847457
459 151 0.190737343
459 333 0.156433822
459 50 0.179855902
459 343 0.142182469
459 312 0.147794544
460 472 0.130224729
460 377 0.157003268
460 114 0.146768415
460 189 0.128944011
460 359 0.158007597
461 131 0.196955422
461 263 0.116372189
461 105 0.152738683
461 81 0.113199236
461 409 0.131343037
461 445 0.166211757
462 415 0.159783629
463 224 0.170997299
463 228 0.108955397
463 487 0.102352473
463 337 0.168718508
463 310 0.135236835
463 61 0.120459281
463 414 0.14651559
464 256 0.110334426
464 354 0.143041898
464 5 0.151306734
464 6 0.121174845
464 11 0.165671351
464 18 0.1601197
464 211 0.185344092
464 376 0.162197608
464 253 0.125925351
465 121 0.198127481
465 46 0.173738052
465 433 0.1582484
466 227 0.140104083
466 422 0.139703577
466 437 0.109395133
466 247 0.116585579
466 153 0.192391231
466 410 0.150329145
467 289 0.116015276
467 2 0.109392885
467 391 0.104381995
468 322 0.121263802
468 324 0.180028793
468 134 0.195557193
468 231 0.189923693
468 491 0.146061905
468 372 0.154842158
468 341 0.141679214
468 438 0.156426449
469 481 0.143707367
469 290 0.170290562
469 420 0.194764172
469 261 0.116595736
469 107 0.106584119
469 215 0.13846754
469 253 0.14784331
470 384 0.190766357
470 480 0.176781776
470 171 0.14224791
470 389 0.120927426
470 297 0.174545112
470 106 0.179675151
470 43 0.151810361
470 81 0.147470889
470 374 0.165603327
471 424 0.164848645
471 73 0.112803741
471 91 0.147512844
471 100 0.15261952
472 9 0.171250369
472 235 0.190890132
472 381 0.185225068
472 361 0.174341929
473 161 0.171328326
473 203 0.157083177
473 75 0.153414025
473 147 0.165099551
473 468 0.142042263
473 470 0.171356816
474 97 0.17569591
474 451 0.192391477
474 100 0.148091437
474 101 0.148854174
474 324 0.196332555
474 380 0.163824761
474 275 0.168927701
474 245 0.107016202
474 313 0.197035567
474 220 0.124194305
475 425 0.911990608
475 123 0.924455494
475 109 0.978655792
476 96 0.914378677
476 2 0.934869059
476 169 0.945534967
476 107 0.925097897
476 78 0.921870679
476 382 0.957749917
477 136 0.930852355
477 142 0.997480071
477 335 0.9586584
477 272 0.910501944
477 113 0.965160927
477 404 0.973674113
477 406 0.9778309
478 457 0.904896691
478 354 0.901663465
478 473 0.978576893
478 39 0.948277884
479 361 0.984361658
479 27 0.935169532
479 367 0.941401526
480 64 0.978354782
480 354 0.987611247
480 72 0.9764271
480 16 0.935119526
480 403 0.950879426
480 285 0.992502939
481 160 0.932196974
481 225 0.9134891
481 195 0.947094333
481 423 0.991793524
481 111 0.97136243
481 435 0.900514272
481 373 0.918923992
481 378 0.960192698
481 317 0.909228642
481 351 0.90357315
482 419 0.926421089
482 147 0.971039461
482 103 0.90470548
482 75 0.927780413
482 270 0.905451542
482 243 0.936834578
482 374 0.93990436
482 28 0.975745685
483 256 0.923680725
483 283 0.906392396
483 492 0.961090264
484 39 0.991443793
484 361 0.976657165
484 455 0.934369237
484 269 0.942360481
484 109 0.914478618
484 116 0.999790948
484 381 0.96722607
484 221 0.959842895
485 160 0.935372213
485 451 0.995605883
485 357 0.986985838
485 95 0.987238839
486 192 0.957444828
486 131 0.943591704
486 36 0.902610326
486 399 0.945755443
486 112 0.93337746
486 145 0.961534161
486 340 0.940954834
486 56 0.937807692
486 317 0.963934436
487 106 0.935555259
487 180 0.914206158
487 438 0.906600379
487 282 0.945175323
487 266 0.922082062
487 478 0.928499292
488 87 0.913845711
488 260 0.999666393
488 261 0.970495431
488 63 0.926733614
489 481 0.980079926
489 450 0.931906188
489 362 0.922361014
489 108 0.941235165
489 237 0.984088204
489 401 0.986134718
489 181 0.996733754
489 151 0.979730858
489 92 0.995860041
489 127 0.92662689
490 70 0.940605762
491 392 0.989954256
491 425 0.994282143
491 43 0.989349316
491 12 0.968790627
491 18 0.9667563
491 55 0.972520888
491 285 0.922615216
492 394 0.963158668
492 107 0.946949377
492 306 0.967976317
492 51 0.968125321
492 116 0.995609931
492 54 0.968396026
492 436 0.936669012
492 57 0.904624485
492 287 0.92325839
492 95 0.941173571
493 34 0.933653647
493 179 0.900353549
493 147 0.976582787
493 181 0.925941113
493 23 0.996056519
493 248 0.976093401
494 5 0.996191125
494 151 0.958317598
495 129 0.9450131
495 99 0.991200898
495 389 0.939554779
495 138 0.971610961
495 407 0.936504666
495 435 0.910217383
495 375 0.973251939
495 472 0.939464018
495 266 0.945092072
495 382 0.93921861
496 282 0.955435796
496 423 0.934056452
496 499 0.986588049
496 378 0.960677345
496 375 0.988990769
497 450 0.967952554
497 442 0.985563464
497 317 0.968578273
498 242 0.984287726
498 93 0.932243681
498 54 0.934204742
498 335 0.904799609
499 147 0.937807194
499 452 0.987111829
499 214 0.90004426