0 129 0.195340426
0 259 0.124723298
0 397 0.134174602
0 78 0.133057112
1 419 0.118507558
1 373 0.151522124
2 152 0.193733427
2 251 0.154415432
2 70 0.120314841
2 5 0.122626874
2 62 0.191953319
3 17 0.158369849
3 226 0.166253847
4 38 0.141194928
4 262 0.109083969
4 136 0.182133292
4 457 0.188069767
4 75 0.16823006
4 333 0.152528874
5 100 0.154822454
5 46 0.14819682
5 239 0.171836774
5 467 0.174817363
5 309 0.148231725
5 61 0.136159134
6 169 0.106462925
6 235 0.124549444
6 269 0.17584559
6 341 0.144155575
6 63 0.152002572
7 48 0.191447748
7 89 0.144450132
7 436 0.142227346
7 301 0.160214423
8 265 0.10403971
8 306 0.159138731
8 142 0.108672903
8 215 0.10057391
9 184 0.137163265
9 474 0.102730175
9 42 0.106254196
9 27 0.168276952
9 442 0.177673039
10 313 0.198926779
10 306 0.199721051
10 404 0.172133444
10 52 0.140471069
10 205 0.191611179
11 112 0.156442687
11 258 0.148727946
11 339 0.100542563
11 340 0.141993367
11 374 0.102155049
12 32 0.187658344
12 201 0.192557599
12 406 0.117411026
12 88 0.173365428
12 315 0.170270038
12 316 0.115052937
13 288 0.102401696
13 169 0.191047359
13 385 0.168449629
14 416 0.183632954
14 67 0.133434157
14 421 0.141099029
14 391 0.183085964
14 392 0.109462106
14 205 0.128036498
14 280 0.110312766
15 352 0.187974579
15 98 0.148080744
15 114 0.177111912
15 6 0.170071982
15 173 0.144632492
16 289 0.123630506
16 371 0.164205725
16 47 0.153269021
16 179 0.177026074
16 22 0.152793994
16 27 0.135007587
16 222 0.110871512
17 160 0.109105832
17 330 0.136596771
17 112 0.160298282
17 50 0.103434752
17 181 0.142194901
17 311 0.120222132
18 0 0.17315328
18 352 0.158145431
18 12 0.111610239
18 333 0.187698469
18 276 0.198681318
18 315 0.18333479
18 445 0.114102203
18 319 0.190022091
19 258 0.175061834
19 419 0.190701236
19 262 0.151113173
19 201 0.141515762
19 350 0.156960785
19 149 0.193519084
19 315 0.103740369
19 188 0.168021766
19 94 0.111990049
20 144 0.113634688
20 9 0.19501353
20 12 0.157857014
20 351 0.193577169
21 498 0.194487052
21 331 0.163238502
21 253 0.151183643
22 320 0.166473067
22 266 0.160020907
23 473 0.110290517
23 438 0.194631868
24 305 0.140908931
24 372 0.189519075
25 248 0.149445877
25 433 0.173602846
25 58 0.119253944
25 461 0.119088154
25 466 0.126437891
26 296 0.164424962
26 363 0.162717024
26 434 0.10817113
26 181 0.148285001
26 310 0.168961444
26 220 0.168724208
27 200 0.148282809
27 210 0.139923276
27 234 0.193041865
27 39 0.136786354
28 195 0.197692939
28 334 0.166519237
28 336 0.115349833
28 369 0.178416292
28 435 0.186996424
28 110 0.141006332
28 408 0.157254567
29 134 0.190813819
29 30 0.136049506
30 231 0.168151737
30 171 0.168568054
30 334 0.142117879
30 433 0.129282689
30 473 0.10778488
30 255 0.198617931
31 385 0.154484452
31 455 0.116064012
32 393 0.168997099
32 355 0.1794971
32 213 0.192498242
32 229 0.158280529
33 312 0.164320029
33 352 0.158146952
33 151 0.157317919
33 310 0.197745744
33 7 0.177601554
34 209 0.153623979
34 335 0.165552955
34 179 0.194441944
34 467 0.138608651
34 95 0.183083461
35 290 0.193902266
35 293 0.177355412
35 271 0.178708845
35 83 0.185152389
35 84 0.117305273
35 410 0.106390019
35 156 0.116420588
35 349 0.100459846
35 222 0.172966374
36 235 0.113735335
36 207 0.176324871
36 209 0.108496962
36 214 0.171484365
36 279 0.142238617
36 313 0.17629727
37 154 0.18447206
37 147 0.165421802
37 404 0.194292115
37 406 0.163890884
37 143 0.190474846
38 297 0.194053078
38 442 0.129590503
38 399 0.167604268
38 175 0.187766821
39 194 0.193041385
39 388 0.122699688
39 202 0.199251305
39 205 0.15570535
39 181 0.116534487
39 247 0.199515209
39 57 0.195953754
39 282 0.124416808
40 1 0.108414901
40 474 0.147396894
40 483 0.172528801
40 9 0.160865851
41 201 0.159360297
41 74 0.124754518
41 267 0.11060738
41 340 0.135569173
41 157 0.144062129
42 281 0.108512688
42 146 0.107392035
42 365 0.103253415
42 318 0.187813945
42 295 0.13992943
43 321 0.151225827
43 195 0.124874114
43 36 0.143943806
43 359 0.193558761
43 494 0.10799666
43 307 0.13339964
43 188 0.196424077
44 447 0.124978891
44 151 0.19181922
45 363 0.153723388
45 349 0.195597546
45 475 0.182734495
45 295 0.186021916
46 272 0.175680804
46 177 0.122597075
46 35 0.100938399
46 440 0.198801407
46 385 0.196782747
47 291 0.162506222
47 35 0.103182554
47 187 0.164543958
47 183 0.103498994
48 442 0.191206147
48 246 0.1139625
48 327 0.101497814
49 449 0.195979912
49 102 0.192149712
49 327 0.165464053
49 425 0.185512059
49 39 0.174051658
49 208 0.139724465
49 498 0.158906199
49 243 0.16012389
49 373 0.168261395
49 250 0.100674473
50 195 0.19070179
50 297 0.175704774
50 141 0.100446568
50 80 0.134682658
50 212 0.119775069
50 280 0.183671121
51 494 0.120405071
51 87 0.140166331
52 257 0.133419462
52 343 0.111730608
53 0 0.134792619
53 97 0.110411042
53 237 0.177126158
53 87 0.111740489
53 216 0.105504759
53 415 0.117134189
54 409 0.116030092
54 193 0.139585899
54 298 0.146137653
54 397 0.191707347
54 295 0.1366339
55 355 0.124215829
55 488 0.19858641
55 329 0.191273274
55 395 0.173732646
55 410 0.135862643
55 125 0.171503541
56 182 0.123064441
56 39 0.188264804
57 178 0.195494682
57 339 0.163643913
57 149 0.179625066
57 153 0.145961453
57 410 0.171528553
57 444 0.155884561
58 48 0.19040773
58 297 0.167164872
58 491 0.118753045
59 192 0.115102878
59 217 0.152265501
59 323 0.186328722
59 19 0.119189341
59 109 0.148009256
60 51 0.131048547
60 11 0.19423186
60 155 0.181845352
60 133 0.112027645
60 401 0.18948569
61 230 0.106896126
61 82 0.123716417
61 378 0.108292824
61 118 0.103927408
61 22 0.167789699
62 136 0.163713158
62 472 0.143794547
62 458 0.172141043
62 388 0.177429885
63 309 0.141497267
63 430 0.102342721
64 230 0.163476466
64 139 0.175056274
64 13 0.180024757
64 158 0.135251048
64 69 0.150554671
65 432 0.195695227
65 348 0.125369592
65 319 0.104112907
66 409 0.114875762
66 158 0.183307799
66 78 0.157879085
67 493 0.191358329
67 343 0.12200735
67 389 0.173598269
67 303 0.119562949
68 444 0.147470747
68 78 0.168825248
69 352 0.141328113
69 480 0.188651329
69 357 0.192299272
69 456 0.116754051
69 243 0.199227802
69 347 0.168633703
70 0 0.175610747
70 386 0.158973759
70 171 0.141541525
71 354 0.106389778
71 196 0.197194116
71 149 0.154853624
71 245 0.179297848
72 231 0.11378388
72 425 0.193095462
72 111 0.172658073
72 208 0.158707707
72 209 0.172743237
72 179 0.1940026
72 21 0.172604693
72 469 0.198358963
73 352 0.148375252
73 416 0.188027145
73 36 0.1384236
73 7 0.1388252
73 395 0.175189159
73 300 0.122387555
73 115 0.17694895
73 54 0.109652317
74 401 0.125014238
74 491 0.186668846
74 454 0.167623253
75 418 0.118625031
75 136 0.134375715
75 266 0.185629135
75 58 0.108790125
75 381 0.168758233
75 190 0.14657974
76 33 0.150711984
76 194 0.172289114
76 363 0.192760148
76 441 0.132643026
76 378 0.151012406
76 282 0.150773243
77 82 0.156917108
77 44 0.1444463
77 245 0.140469614
77 95 0.174924116
78 57 0.168953385
78 439 0.193831918
78 301 0.167975933
78 223 0.131392468
79 325 0.119754463
79 169 0.108749076
79 44 0.150748506
79 304 0.124572794
79 245 0.167220847
79 268 0.155925654
79 90 0.102647795
79 287 0.196135944
79 223 0.109474673
80 417 0.181906944
80 164 0.124476693
80 263 0.165698406
80 493 0.140277466
80 22 0.120178655
80 217 0.130897425
80 479 0.106804825
81 449 0.144186555
81 450 0.112772685
81 229 0.111756781
81 232 0.116216937
81 307 0.183207351
81 45 0.17112682
81 435 0.195825751
81 376 0.184595766
81 442 0.12423705
82 11 0.173497959
82 325 0.114552118
82 42 0.10301255
82 75 0.180113176
82 53 0.161987224
82 155 0.109341656
83 169 0.175907134
83 122 0.14089578
83 374 0.142804762
83 297 0.158395104
84 13 0.149337036
84 190 0.133575281
85 394 0.168035109
85 427 0.164940757
85 237 0.193908574
85 399 0.149911426
85 112 0.128046099
85 61 0.133234266
86 16 0.105763413
86 200 0.170424072
86 488 0.196598732
86 405 0.145755362
86 414 0.109467323
87 107 0.158851275
87 100 0.120077945
87 294 0.104649926
87 278 0.16819473
88 328 0.136487142
88 403 0.100646875
89 348 0.140200524
90 34 0.192907887
90 490 0.1977863
90 431 0.125617471
90 337 0.153390696
90 370 0.177441489
90 215 0.100986751
90 377 0.102529643
90 155 0.148721997
91 121 0.198512361
91 242 0.121587989
91 187 0.139691254
91 212 0.120336316
91 6 0.151578593
92 230 0.181485618
92 498 0.195909293
92 69 0.183383844
92 54 0.142969239
92 439 0.190383733
93 0 0.188836792
93 303 0.159729225
93 305 0.188801861
93 468 0.121996078
93 373 0.104675938
93 405 0.135490711
94 70 0.118239356
94 334 0.105852665
94 242 0.121087019
94 345 0.108004726
94 154 0.182365399
94 29 0.122305171
95 129 0.115160349
95 34 0.161658638
95 267 0.123050472
95 460 0.12995297
95 237 0.196434453
95 306 0.110694019
95 471 0.197550575
95 370 0.136942679
96 443 0.15097442
96 74 0.173266075
96 355 0.155490305
96 122 0.133692177
97 240 0.190197194
97 489 0.193690879
97 316 0.128655692
97 223 0.171590915
98 418 0.181231155
98 392 0.165371399
98 329 0.138583548
98 333 0.127083281
98 244 0.157519579
98 343 0.160834848
98 248 0.189475123
98 346 0.109346987
98 93 0.18759423
99 15 0.11240919
100 484 0.121871066
100 135 0.18455061
100 164 0.178999196
100 155 0.156423013
100 284 0.183018861
100 191 0.186008294
101 271 0.18364978
101 18 0.121748324
101 115 0.140614037
101 406 0.138421347
101 216 0.151181363
101 250 0.104814782
101 253 0.166572409
102 11 0.136801961
102 209 0.199757183
102 18 0.183518822
102 89 0.179098491
102 59 0.195087061
102 316 0.109636185
103 90 0.151444308
103 340 0.125294185
104 193 0.142072892
104 250 0.102795494
104 236 0.197613735
104 7 0.17497495
105 356 0.196228961
105 39 0.140341157
105 169 0.103308083
105 298 0.17392592
105 172 0.129511528
105 436 0.115606256
105 283 0.109644834
105 394 0.125402541
105 127 0.186397044
106 385 0.109376505
106 305 0.152502169
106 76 0.187170676
106 241 0.111441655
106 338 0.110015912
106 276 0.16923043
106 377 0.191507735
106 249 0.140081184
107 4 0.146688943
107 357 0.176919124
107 231 0.1778815
107 395 0.114506983
107 402 0.125253917
107 274 0.194587288
107 24 0.152948965
107 473 0.101990065
107 5 0.195033955
108 340 0.157900161
108 378 0.137186669
108 67 0.122032013
108 260 0.137703333
109 362 0.108417549
109 247 0.120420627
109 143 0.104346635
110 200 0.179417126
110 216 0.192514134
110 53 0.199480892
110 246 0.112600239
110 495 0.10180043
111 256 0.188819627
111 293 0.150619071
111 166 0.170281489
111 266 0.112582608
111 203 0.190003727
111 280 0.145046019
111 210 0.148029921
111 248 0.141853034
112 37 0.136950199
112 236 0.179829848
112 366 0.129479064
112 367 0.175534014
112 16 0.164531362
112 243 0.175245828
113 33 0.153238587
113 226 0.109395596
113 54 0.141797226
113 168 0.152686648
113 360 0.130358204
113 309 0.120168545
113 214 0.176469832
113 313 0.128349407
114 113 0.138129209
114 10 0.181262405
114 99 0.166969197
114 398 0.156825714
114 302 0.15596455
115 45 0.102654196
115 378 0.128924902
115 22 0.161660556
115 474 0.177551472
115 90 0.149163464
115 478 0.102059518
116 292 0.115780488
116 168 0.105116949
116 240 0.170684144
116 338 0.19444953
116 85 0.131963118
116 86 0.113800566
116 248 0.165080574
116 245 0.191681813
117 400 0.148753058
117 168 0.175935863
117 336 0.19797784
117 245 0.150757822
117 314 0.171059477
117 349 0.187449152
118 229 0.166985963
118 12 0.158891825
118 399 0.181754259
118 337 0.166406997
118 152 0.147734845
118 335 0.105414334
118 415 0.170827341
119 163 0.186185483
119 491 0.194681766
119 437 0.180128134
119 486 0.109490607
119 223 0.12173051
120 128 0.140768974
120 42 0.141336123
120 91 0.185670122
120 92 0.114941976
120 114 0.157871273
121 233 0.192242459
122 58 0.15803449
122 300 0.146118464
122 7 0.184706124
123 289 0.198408053
123 2 0.199845323
123 100 0.156390464
123 497 0.189999824
123 136 0.168962567
123 268 0.177817284
123 465 0.16522383
123 210 0.107507854
124 64 0.187438343
124 121 0.137292432
124 459 0.186572093
124 428 0.147883235
124 288 0.115163917
125 370 0.148291463
125 380 0.160655991
125 253 0.157366719
125 230 0.13624824
126 64 0.142439408
126 1 0.149338798
126 422 0.166110837
126 40 0.197972342
126 330 0.19033742
126 47 0.106235371
126 413 0.173502416
127 312 0.103209593
127 454 0.162432205
127 438 0.196559393
127 62 0.104067966
127 63 0.195601236
128 200 0.176351256
128 224 0.173448191
128 396 0.11177974
128 369 0.144617997
128 313 0.127979647
129 128 0.198183062
129 404 0.138338555
129 422 0.128612767
129 182 0.141686642
130 259 0.117215237
130 138 0.184326158
130 299 0.154013784
130 493 0.163126191
130 270 0.184355168
130 496 0.197913632
130 99 0.187893021
130 247 0.178996657
131 200 0.145001788
131 4 0.121967301
131 37 0.116932185
131 358 0.111354877
131 223 0.15290351
132 264 0.190438177
132 411 0.176462012
132 110 0.139411606
132 499 0.184220983
133 224 0.195918179
133 344 0.151285385
133 234 0.19379943
133 287 0.134157054
134 485 0.145990709
134 137 0.1161464
134 176 0.178293911
134 182 0.121614102
134 87 0.189785618
134 443 0.191180759
134 156 0.12619773
134 30 0.171444659
135 313 0.140752746
135 459 0.190415285
135 108 0.158338525
136 25 0.157415443
136 331 0.117821655
136 476 0.164494278
137 445 0.19523386
137 98 0.159576139
137 43 0.165377979
137 346 0.187939841
137 407 0.198755003
138 490 0.104770973
138 10 0.158275858
138 475 0.18870341
138 58 0.190325468
139 287 0.16128293
140 115 0.193662069
140 302 0.174680005
141 426 0.192821512
141 237 0.121291722
141 142 0.147952982
141 306 0.192615994
141 110 0.144418964
141 185 0.123873198
142 3 0.112038605
142 365 0.141740918
142 109 0.123416163
142 381 0.125800722
142 446 0.102251078
142 127 0.156191134
143 452 0.123044445
143 364 0.178262901
143 429 0.189318779
143 302 0.112227486
143 24 0.15823425
143 189 0.14007927
144 128 0.110894064
144 184 0.197429369
144 162 0.193060687
144 28 0.133158742
144 378 0.171265291
145 441 0.121946555
145 323 0.134305538
145 420 0.128283588
145 149 0.162625221
145 173 0.141245952
146 365 0.119314335
146 398 0.113200342
146 86 0.106783238
146 248 0.173395275
146 218 0.1735494
146 479 0.197619354
147 355 0.100324606
147 269 0.10754291
147 47 0.194523648
147 227 0.191296309
147 251 0.130322299
147 123 0.142620284
148 241 0.168299233
148 258 0.175458816
148 375 0.181115569
148 431 0.198739107
148 287 0.16639294
149 152 0.129497853
149 217 0.126408883
149 234 0.179037376
149 45 0.180617553
150 328 0.143452951
150 338 0.113535112
150 351 0.154873777
150 231 0.140285308
151 57 0.168831449
152 41 0.173406393
152 68 0.166054759
152 273 0.110890226
152 241 0.180517973
153 483 0.196276589
153 452 0.160294026
153 144 0.134020782
153 49 0.170990099
153 19 0.170394756
153 405 0.140932633
153 484 0.165135235
153 286 0.167387392
154 65 0.190220405
154 259 0.184130301
154 100 0.124877746
154 133 0.169524605
154 269 0.150854523
154 367 0.191477168
154 212 0.112175554
154 216 0.170129983
154 25 0.133692872
154 421 0.199651801
155 401 0.144158513
155 460 0.16523736
155 4 0.103939639
155 229 0.191378806
156 417 0.130232799
156 292 0.111342524
156 383 0.172147173
157 346 0.114296902
157 479 0.186347384
158 424 0.18423366
158 459 0.125433128
159 240 0.137032063
159 294 0.131025557
159 103 0.137722573
159 459 0.176252143
159 396 0.137410092
159 16 0.111362292
159 340 0.133977876
159 406 0.103296565
159 376 0.103176169
160 128 0.139845574
160 392 0.110915383
160 298 0.156090938
160 109 0.105647702
160 402 0.179048243
161 128 0.196637113
161 166 0.116895774
161 284 0.1861927
161 462 0.169509783
161 145 0.187987568
161 373 0.188853712
161 58 0.148657738
161 188 0.114852897
162 368 0.141257689
162 380 0.152626578
162 204 0.176369611
163 48 0.152010277
163 75 0.137717544
163 236 0.182878283
163 167 0.160135928
164 67 0.114784953
164 476 0.15567132
165 384 0.164766377
165 462 0.160776127
165 334 0.124667087
165 282 0.115990243
165 188 0.108842772
165 159 0.124048722
166 193 0.162939783
166 410 0.143408027
166 189 0.132590698
166 489 0.178743772
167 307 0.124436252
167 163 0.186795731
167 340 0.15347194
167 313 0.140005741
168 384 0.10252724
168 332 0.165347484
169 256 0.169674113
169 9 0.122170599
169 394 0.129154914
169 147 0.105351281
169 457 0.194464433
169 248 0.153604086
169 319 0.185435175
170 34 0.144772418
170 294 0.110890988
170 393 0.138648936
170 43 0.154755013
170 19 0.155711087
170 437 0.168860801
171 321 0.146443887
171 495 0.123497025
171 207 0.176035981
172 170 0.10046861
172 251 0.145782459
172 434 0.171157542
172 346 0.1499041
172 207 0.176295033
173 224 0.174699036
173 170 0.127063288
173 116 0.11313254
174 6 0.103315211
174 424 0.184470272
174 10 0.18349679
174 115 0.174111858
174 377 0.13719484
174 124 0.140462195
174 330 0.187194299
175 454 0.113169253
175 10 0.100521196
175 419 0.144387357
175 5 0.150298279
175 302 0.184526003
176 478 0.175919791
176 105 0.159767424
176 406 0.185677593
176 94 0.167676484
177 416 0.130593355
177 33 0.140016009
177 131 0.145313283
177 74 0.16387345
177 139 0.199848513
177 280 0.157328162
177 59 0.12254859
178 354 0.121981099
178 356 0.142733687
178 325 0.112857075
178 262 0.130465283
178 7 0.135864401
178 18 0.191719668
178 478 0.111635697
178 261 0.163112913
179 216 0.176793714
179 145 0.141820914
179 427 0.151551192
179 345 0.141856228
179 71 0.17450858
180 121 0.109333005
180 66 0.159930039
180 90 0.140355929
180 178 0.177489389
181 160 0.160082722
181 68 0.164312184
181 173 0.17952935
181 83 0.145576633
181 310 0.172261627
181 183 0.194894548
181 315 0.103462247
182 368 0.193488059
182 100 0.161514723
182 381 0.152133808
182 48 0.170813644
182 83 0.178123767
182 21 0.188204231
182 310 0.113566967
182 282 0.131129536
182 317 0.140199303
182 350 0.149722374
183 72 0.153572752
183 99 0.141461026
183 387 0.103707563
184 273 0.129333275
184 82 0.14998375
185 259 0.133670427
185 103 0.196807835
185 169 0.135199129
185 7 0.117070486
185 300 0.163703393
185 398 0.145572287
185 304 0.13948927
185 436 0.121038551
185 220 0.146965483
185 31 0.152418173
186 353 0.180760739
186 101 0.128327641
186 199 0.132459499
186 268 0.1132013
186 141 0.147937547
186 175 0.118327243
187 188 0.106645068
187 375 0.156754078
187 132 0.101018807
187 471 0.178053477
187 271 0.105226134
188 65 0.121523911
188 326 0.183698079
188 15 0.128216337
188 306 0.111620624
188 435 0.117576144
188 20 0.124508104
188 309 0.143655868
188 21 0.143382327
189 24 0.170620763
189 394 0.160362731
189 195 0.165066536
189 84 0.19369544
190 161 0.117745221
191 9 0.150043565
191 258 0.170003246
191 274 0.136744079
191 197 0.107152527
192 359 0.149244637
192 104 0.111373027
192 83 0.120982902
192 246 0.1529488
192 407 0.13722566
192 124 0.189717283
193 192 0.144134794
193 424 0.199802732
193 74 0.101832558
193 317 0.142105476
193 311 0.126940267
194 448 0.13846843
194 358 0.109456233
194 94 0.106192256
194 389 0.108095175
195 386 0.187777691
195 20 0.175835667
195 366 0.142751405
195 391 0.154446223
196 89 0.141198441
196 279 0.171642136
196 441 0.189475458
196 319 0.132042739
196 183 0.189272753
197 179 0.105013212
198 409 0.151470019
198 201 0.116697147
198 2 0.139937382
198 330 0.190356137
198 385 0.193944645
199 307 0.161531546
199 374 0.154930383
200 321 0.104815101
200 298 0.137996614
200 461 0.182922023
200 325 0.136216846
200 349 0.100689616
201 24 0.100480108
201 344 0.180562496
201 146 0.128533656
201 179 0.199189543
201 271 0.185090582
202 256 0.142725228
202 356 0.195374759
202 357 0.164214507
202 77 0.15598013
202 207 0.133992102
202 339 0.132687926
202 85 0.119693686
202 469 0.145367097
203 161 0.158265746
203 474 0.112774568
203 76 0.19952889
203 353 0.13527083
203 345 0.158200582
204 120 0.172945891
204 259 0.13683541
204 155 0.130455113
204 220 0.163915805
204 491 0.162910036
205 351 0.166252448
205 331 0.141149562
205 436 0.107884713
205 55 0.184117819
206 293 0.158910001
206 460 0.129139933
206 462 0.177799788
206 279 0.173811682
206 314 0.132428129
206 154 0.124413997
206 165 0.120649561
207 258 0.108704196
207 123 0.123395513
207 490 0.137387713
207 407 0.110400841
208 310 0.164751322
209 393 0.154459804
209 498 0.151067941
209 92 0.136921813
209 478 0.16207281
209 263 0.196537134
210 65 0.113987112
210 459 0.140174168
210 441 0.145933331
211 458 0.116039759
211 473 0.162314542
211 146 0.156582169
211 172 0.107275204
211 45 0.15526921
212 401 0.180557218
212 52 0.158377398
212 85 0.104486207
212 120 0.173458254
212 188 0.122336737
212 445 0.149767151
212 181 0.114369318
213 484 0.150100474
213 293 0.197224395
213 200 0.190014406
213 394 0.128369265
213 461 0.14666361
213 477 0.107632118
213 113 0.107742196
213 378 0.188435219
213 93 0.130162052
213 5 0.128426476
214 355 0.129421645
214 117 0.113837098
215 150 0.125690194
215 327 0.190213919
216 256 0.118819265
216 72 0.138535422
216 434 0.196417421
216 145 0.171260324
216 306 0.118331726
216 184 0.150161813
216 318 0.14034305
217 321 0.152744949
217 197 0.128160299
217 297 0.173072159
217 206 0.137839557
217 48 0.119781594
217 499 0.14429365
217 186 0.169103072
218 436 0.169007846
218 90 0.117396468
218 276 0.145649196
218 468 0.180246023
219 494 0.192658138
219 365 0.150530393
219 173 0.148177915
219 126 0.100539745
219 359 0.159453692
220 358 0.162957587
220 405 0.127327578
220 183 0.158659006
220 58 0.178068633
220 477 0.164952567
220 479 0.141890241
221 280 0.148783636
221 161 0.151919355
221 106 0.197041976
221 467 0.193972591
221 413 0.168803508
222 359 0.115967585
222 73 0.195879696
222 461 0.108599511
222 237 0.137412993
222 115 0.186562881
222 311 0.134177265
223 264 0.180424108
223 337 0.114003384
223 66 0.188395901
223 451 0.112296269
223 361 0.132443369
224 421 0.184114188
224 391 0.152362471
224 232 0.140342214
224 139 0.15419564
224 404 0.114392618
224 408 0.173099146
224 409 0.10300041
224 379 0.198906397
225 448 0.153666678
225 5 0.177094085
225 40 0.179333742
225 137 0.113548781
225 207 0.107598834
225 180 0.1361301
225 350 0.12855035
225 439 0.161252252
225 286 0.149492822
225 405 0.114587016
226 225 0.161285409
226 485 0.163599986
226 417 0.129052782
226 462 0.146937099
226 146 0.195002995
226 378 0.166512035
226 30 0.155618928
226 351 0.133386756
227 472 0.137549441
227 66 0.195186935
227 92 0.119671188
227 274 0.142890443
227 175 0.144961072
228 133 0.171904278
228 40 0.117614765
228 393 0.132811708
228 243 0.139945118
228 281 0.184419306
228 63 0.176051184
229 313 0.123083778
229 491 0.196659461
229 174 0.183185401
229 79 0.175623512
230 288 0.142713533
230 489 0.175111917
230 125 0.185559952
231 448 0.106015743
231 161 0.106343231
231 406 0.105029858
231 42 0.107603007
231 366 0.108100281
231 272 0.127242085
231 400 0.123836982
231 404 0.118110378
231 246 0.108775855
232 140 0.180112072
233 57 0.144252463
233 258 0.146691265
233 444 0.160788699
233 12 0.140884643
234 315 0.116055042
234 333 0.168713364
235 302 0.114403427
235 94 0.106177042
235 175 0.104818729
236 49 0.170689979
236 30 0.124649447
236 497 0.152568803
237 481 0.11538549
237 26 0.109823292
237 51 0.11381005
237 396 0.120628977
237 357 0.141893936
238 194 0.170370282
238 430 0.199265082
238 115 0.125868084
238 366 0.146862002
238 314 0.182583135
238 351 0.135495944
239 68 0.132724967
239 232 0.135890056
239 138 0.192445188
239 43 0.123069965
239 176 0.112668341
239 499 0.1470391
239 277 0.169477017
239 151 0.163824866
239 472 0.135236179
239 473 0.125175773
239 122 0.140607527
239 95 0.141673945
240 420 0.186131788
240 428 0.145378491
240 79 0.111907218
240 144 0.192161244
240 375 0.127831391
240 292 0.103511831
241 408 0.134638969
241 411 0.143224583
241 412 0.121030759
241 214 0.132998787
241 459 0.118944197
242 105 0.109932331
242 461 0.148546982
242 366 0.143442222
242 463 0.198812988
242 281 0.171512354
242 474 0.154881769
242 28 0.139421279
242 381 0.118317818
243 136 0.115405378
243 454 0.137732226
244 67 0.173096003
244 20 0.190567145
244 445 0.167084868
245 292 0.168547184
245 486 0.181124491
245 72 0.11497077
245 138 0.127430549
245 401 0.115445076
245 476 0.113597359
246 0 0.192546396
246 387 0.107721075
246 310 0.132463848
246 89 0.166688653
246 157 0.125931122
246 414 0.172631136
247 416 0.161266742
247 339 0.110579713
247 427 0.103408329
247 462 0.162512739
247 401 0.176251975
247 402 0.181631098
247 371 0.151165006
247 249 0.179289826
247 319 0.193487311
248 80 0.148861218
248 372 0.176396604
248 150 0.149708638
248 345 0.189582782
248 378 0.15455444
248 475 0.152740649
249 396 0.118003361
249 244 0.140801324
250 438 0.160197919
251 344 0.113119275
251 81 0.108324377
251 252 0.173411718
251 366 0.136026574
252 304 0.147066503
253 273 0.1812563
253 444 0.138713868
253 382 0.15362487
254 225 0.152499561
254 270 0.106102552
254 146 0.150282908
254 346 0.178922047
254 29 0.145042508
254 94 0.185992618
255 224 0.123318054
255 232 0.100337442
255 454 0.133322724
255 430 0.145046935
256 473 0.141157835
256 314 0.165537405
256 491 0.133085821
257 224 0.138521375
257 114 0.19321424
257 290 0.166486879
257 237 0.125442241
257 494 0.11109328
258 184 0.181612037
258 52 0.176379815
258 397 0.170902134
259 98 0.197360637
259 35 0.164779663
259 292 0.1325127
259 233 0.101426651
259 241 0.159310211
259 21 0.133541295
259 182 0.116812766
259 284 0.165397841
260 354 0.133878948
260 7 0.137681418
260 40 0.15217746
260 77 0.115912323
260 14 0.149644384
260 244 0.186197776
260 91 0.129935227
261 363 0.190842987
261 76 0.170439124
261 133 0.198890936
261 438 0.111943949
262 235 0.158431057
262 76 0.137699088
262 214 0.116475183
262 22 0.186799795
263 266 0.100302078
263 333 0.165132977
263 272 0.172502031
263 405 0.123659804
263 89 0.11453554
263 412 0.174338099
263 381 0.14071464
263 190 0.118670249
263 127 0.147848539
264 90 0.105598996
264 115 0.156432139
264 155 0.111912267
264 103 0.153395896
265 196 0.112865727
265 302 0.157215944
265 367 0.147707526
266 112 0.167467248
266 280 0.122859498
266 269 0.133022157
266 181 0.197056886
266 183 0.100811883
267 2 0.105632617
267 358 0.160335069
267 467 0.158300707
267 405 0.100714569
267 471 0.144395649
267 380 0.105825698
267 63 0.196067723
268 272 0.126538093
268 324 0.127822837
268 51 0.195426704
268 308 0.165285424
268 492 0.152795794
269 411 0.183741379
269 334 0.107713518
269 23 0.16945936
270 197 0.106678308
270 103 0.109702498
270 105 0.170538452
270 308 0.106944111
270 479 0.156176387
270 93 0.141985115
270 69 0.100341698
271 17 0.144713807
271 86 0.158416996
271 455 0.175505193
272 306 0.194507581
272 366 0.140815272
272 158 0.169273129
272 295 0.132447889
273 194 0.109383327
273 8 0.192652346
273 269 0.137481668
273 246 0.167285278
273 254 0.137047466
273 95 0.119197176
274 216 0.184828999
274 335 0.175513262
275 99 0.117741802
275 295 0.154414226
275 362 0.139639399
275 14 0.120002611
275 177 0.134968719
275 318 0.190403097
276 124 0.115571381
276 100 0.134204048
276 257 0.198384266
276 70 0.107601457
276 161 0.147792906
277 10 0.13964742
277 115 0.144652033
277 76 0.191867728
277 318 0.143412269
278 160 0.110065201
278 497 0.128710145
278 211 0.174467418
278 408 0.175048865
278 317 0.160291777
278 414 0.135492252
279 384 0.113092662
279 447 0.160642484
279 199 0.170900855
280 195 0.143281156
280 232 0.190833433
280 329 0.125313847
280 242 0.17834888
280 471 0.165373515
280 411 0.111862648
280 60 0.197624046
281 205 0.199919853
281 199 0.185557339
282 492 0.142962551
282 75 0.117233435
282 460 0.131660584
282 432 0.146366934
282 437 0.187426294
282 439 0.144052624
282 221 0.154235666
283 2 0.173730533
283 151 0.17712861
284 496 0.117004153
284 250 0.149607516
284 163 0.146732128
284 181 0.131844412
284 445 0.186589286
285 486 0.150194856
285 76 0.140408564
285 464 0.173719987
285 17 0.164617652
285 436 0.147161327
285 21 0.185847848
285 184 0.142369128
286 425 0.130715747
286 453 0.185439697
286 424 0.17611715
286 201 0.146512259
286 303 0.123311512
286 240 0.148403606
286 177 0.177722271
286 178 0.108660072
286 180 0.13523714
286 361 0.13217418
286 472 0.142000958
286 318 0.1676476
287 353 0.145757053
287 204 0.150369467
287 400 0.196953719
287 115 0.184013013
287 180 0.132873631
287 29 0.139003743
288 457 0.127467963
288 124 0.118014569
288 183 0.198198475
289 387 0.14109881
289 100 0.171399266
289 357 0.189255449
289 422 0.136714127
289 395 0.158907782
289 142 0.147337342
289 18 0.183758753
291 182 0.153407004
291 79 0.101065166
292 320 0.113907821
292 149 0.101425193
292 30 0.167624486
292 493 0.16489581
293 451 0.110334815
293 461 0.175965502
294 224 0.109251675
294 94 0.197385936
295 433 0.194184362
295 189 0.114823825
295 262 0.131401498
295 413 0.121342208
296 9 0.166778788
296 388 0.12793406
296 180 0.129622904
296 423 0.144845769
297 369 0.193828765
297 490 0.182138613
297 216 0.130462067
297 308 0.161362564
297 86 0.198915198
297 56 0.144502641
298 96 0.173323965
298 161 0.179099798
298 226 0.18870724
298 260 0.161176666
298 371 0.107676021
298 411 0.101407819
299 90 0.165297173
299 483 0.119058162
299 430 0.194661264
300 10 0.179535692
300 348 0.104972699
301 321 0.18183088
301 482 0.197966712
301 37 0.17670758
301 93 0.180182826
302 235 0.134559953
302 452 0.172276739
302 395 0.19868663
302 276 0.122358359
302 123 0.128443846
302 190 0.122894224
303 24 0.153438196
303 73 0.129162908
303 495 0.185476448
303 54 0.107195241
303 233 0.187558256
304 386 0.136750165
304 235 0.190079113
304 10 0.179435824
304 427 0.112266541
304 214 0.150440504
304 279 0.196017707
305 225 0.195766217
305 420 0.117315172
305 60 0.192977316
305 95 0.167616657
306 421 0.136920993
306 110 0.115820921
306 376 0.19019317
306 88 0.161683387
306 284 0.169404486
306 383 0.128402348
308 96 0.136281874
308 222 0.186586624
308 78 0.154735846
308 431 0.195342875
309 49 0.168875782
309 330 0.158394332
309 374 0.181961069
309 110 0.120778432
309 103 0.124445901
310 320 0.11959704
310 201 0.15986561
310 177 0.176243648
310 20 0.193442809
310 218 0.126396376
310 447 0.174540261
311 144 0.188893847
311 81 0.197398358
311 164 0.177494674
311 477 0.11132341
311 225 0.176573876
312 2 0.165087286
312 259 0.17661527
312 444 0.18479629
312 101 0.146182787
312 197 0.125754439
313 260 0.185879298
313 9 0.123206705
313 397 0.132721458
313 242 0.155997131
313 279 0.169449443
313 57 0.101267468
313 315 0.104297159
314 114 0.193318893
314 243 0.147329097
314 348 0.107300917
314 381 0.154926285
314 442 0.148954327
315 417 0.125903604
315 26 0.108293542
315 54 0.156350038
316 248 0.135473948
316 461 0.11779779
316 421 0.177511517
316 255 0.134543639
317 326 0.13780654
317 106 0.199225657
317 11 0.15979555
317 398 0.100955252
317 209 0.189906168
317 479 0.11831847
317 414 0.131843995
317 319 0.101822121
318 397 0.122779813
318 239 0.177346255
318 336 0.148355076
318 209 0.137618037
318 434 0.110387838
318 24 0.110688352
318 125 0.110905836
319 296 0.18004495
319 17 0.123742923
319 251 0.109200893
319 150 0.142549132
320 405 0.175386773
320 402 0.180252557
320 174 0.116879141
320 142 0.157083567
320 269 0.10439062
321 417 0.107723447
321 402 0.171505505
321 388 0.111197256
321 110 0.156638432
322 131 0.144474088
322 487 0.122777413
322 205 0.157670523
322 341 0.159105999
322 86 0.191360457
322 119 0.137536733
322 218 0.109005539
322 373 0.152325774
323 465 0.179301367
323 87 0.143894315
324 11 0.185871783
324 110 0.128734177
324 94 0.106206269
324 207 0.191458187
325 328 0.136107338
325 1 0.124513096
325 10 0.109416584
325 13 0.180996356
326 490 0.162107634
326 66 0.118212786
326 147 0.137354392
326 261 0.117181452
326 74 0.128209473
326 306 0.153975891
326 51 0.162849975
326 253 0.11515828
327 113 0.157825517
327 463 0.11688963
327 470 0.165639985
327 415 0.169145689
328 169 0.175754236
328 388 0.188769113
328 14 0.142886395
329 240 0.103353018
329 418 0.189122865
329 372 0.134460695
329 302 0.191737151
329 143 0.18656843
330 480 0.119890112
330 228 0.134197368
330 262 0.130903593
330 297 0.127051166
330 140 0.172831268
330 398 0.136764558
330 369 0.150599077
330 311 0.113059739
331 160 0.184214579
331 416 0.104336364
331 482 0.176348886
331 324 0.180685804
331 366 0.110118678
331 464 0.156313164
331 473 0.169727662
331 476 0.11791941
332 39 0.133404498
332 491 0.164229257
332 204 0.16898168
332 472 0.187745757
332 406 0.127106374
332 247 0.186738584
332 216 0.176486161
332 31 0.184014909
333 19 0.143361965
333 403 0.120444214
334 305 0.179083006
334 463 0.101225019
334 37 0.121664056
334 39 0.198025646
335 112 0.112044385
335 266 0.153079517
335 16 0.124118316
335 499 0.13300716
335 464 0.14603508
335 277 0.156558958
335 91 0.192355331
336 450 0.154305918
336 477 0.187484185
336 197 0.190930297
336 277 0.154873548
337 73 0.171651282
337 282 0.1171719
337 249 0.128120071
337 89 0.181049095
338 413 0.134450975
338 263 0.101497969
339 472 0.186462091
339 381 0.100738354
340 225 0.116787158
340 167 0.14811055
340 487 0.13609341
340 397 0.122893157
340 403 0.144559584
340 253 0.147075166
340 287 0.122867882
341 264 0.10884704
341 198 0.101252458
342 32 0.161042645
342 97 0.185137016
342 418 0.10339404
342 22 0.184917813
343 497 0.143175135
343 259 0.126046691
343 487 0.14028064
344 257 0.16953151
344 418 0.121570052
344 139 0.143872743
344 331 0.133088886
344 430 0.139750523
344 145 0.134978361
344 436 0.102729366
345 0 0.116061305
345 425 0.123734198
345 62 0.1977383
345 332 0.120378438
345 50 0.176406428
345 149 0.11890373
345 222 0.185467382
346 466 0.116283946
346 283 0.120723641
346 28 0.138278907
346 143 0.14888852
347 427 0.118295251
347 67 0.133899157
347 171 0.140474953
348 456 0.150290316
348 113 0.113042319
348 250 0.150964732
348 174 0.127475152
349 26 0.177094471
349 414 0.133083316
349 335 0.142160535
350 416 0.100258753
350 154 0.193992651
350 452 0.133291544
350 197 0.103345275
351 311 0.195109161
351 462 0.108050913
351 374 0.124366482
351 63 0.128067432
352 299 0.148704507
352 267 0.169934107
352 35 0.188485273
352 277 0.191994917
352 60 0.152597996
352 478 0.12106788
352 447 0.160930079
353 347 0.141220847
353 181 0.1612714
353 462 0.177149628
354 170 0.127779092
354 351 0.199963923
355 162 0.169585283
355 132 0.164795176
355 421 0.172752385
355 230 0.159931888
355 327 0.127406245
355 136 0.148297654
355 333 0.125963354
355 142 0.193836711
355 16 0.143422058
356 300 0.111594309
356 446 0.199310797
356 22 0.17920585
357 259 0.174316343
357 395 0.195472082
357 301 0.125238025
357 15 0.160177848
357 339 0.136154447
357 437 0.195679507
357 249 0.124388766
357 156 0.193278755
358 265 0.152292046
358 149 0.121776244
358 273 0.18096138
359 17 0.170802591
359 171 0.192939157
359 325 0.132942909
359 305 0.166715871
360 9 0.155796839
360 458 0.197240415
360 28 0.159924894
360 238 0.11973301
360 380 0.135205156
361 269 0.15127766
361 317 0.118515868
362 256 0.101458234
362 156 0.138270337
362 71 0.13548677
363 200 0.10404762
363 242 0.133919823
363 75 0.186079168
363 252 0.170741156
363 173 0.130387836
364 32 0.126494199
364 323 0.196963671
364 117 0.111802949
365 260 0.196935052
365 290 0.159414399
365 236 0.157756901
365 356 0.17770427
366 242 0.155018522
366 146 0.125368152
366 219 0.106919641
366 189 0.103856065
366 377 0.143251352
367 302 0.170926708
368 161 0.104961689
368 388 0.163518693
368 210 0.106621042
368 51 0.172194671
368 471 0.175434104
368 415 0.188791903
369 264 0.181891745
369 182 0.134716013
370 408 0.179517781
370 41 0.141702514
370 380 0.147374202
370 197 0.120245893
371 273 0.124109896
371 474 0.194606089
371 275 0.130621004
371 447 0.11478284
371 353 0.189547131
372 331 0.177596894
372 460 0.115567701
372 334 0.143123701
372 147 0.179413481
372 22 0.162320062
372 440 0.10519342
373 288 0.13048435
373 101 0.115781092
373 358 0.198027379
373 431 0.15705268
373 306 0.167990022
373 463 0.119008002
373 187 0.169076521
373 318 0.196804389
374 290 0.140232325
374 498 0.117570744
374 134 0.163557271
375 348 0.194746805
375 402 0.139106191
375 52 0.133254789
376 387 0.154233214
376 262 0.117473664
376 332 0.187664263
376 115 0.180723884
376 408 0.194354749
376 475 0.100841274
377 196 0.165174416
377 454 0.17128325
377 166 0.182565975
377 363 0.15862939
377 398 0.165980678
377 335 0.152436355
377 366 0.184584914
378 281 0.106963663
378 357 0.147182481
378 53 0.112507772
378 143 0.146691584
379 65 0.104500842
379 338 0.195533508
379 188 0.105246512
379 289 0.134678593
380 162 0.125990257
380 229 0.166266663
380 77 0.180072101
380 101 0.159227087
381 128 0.135063262
381 448 0.189435944
381 73 0.139717485
381 246 0.179961992
381 412 0.124916513
381 125 0.113659957
382 241 0.124810507
382 387 0.159398094
382 181 0.113372407
382 270 0.144264658
383 440 0.184359968
383 162 0.184152968
383 13 0.104333914
383 30 0.17474983
383 349 0.129426487
384 300 0.182131025
384 239 0.163569844
385 280 0.199555777
385 297 0.121650816
385 179 0.159495963
385 481 0.115027728
386 498 0.111881451
386 198 0.126000086
386 183 0.143603899
387 202 0.140102462
387 234 0.132628592
387 463 0.108252932
388 321 0.166366307
388 67 0.198463674
388 173 0.191763974
388 208 0.18220884
388 274 0.138776291
388 499 0.119258798
388 438 0.168775023
388 312 0.186284232
389 65 0.157730759
389 311 0.115792774
389 103 0.198686105
390 136 0.139504426
390 73 0.142980394
390 231 0.132202194
390 432 0.155202243
390 121 0.179406441
391 248 0.162995312
391 157 0.12466899
391 286 0.144446099
391 253 0.116326774
392 105 0.140144005
392 389 0.148516099
392 126 0.136306612
392 413 0.133048815
393 484 0.167434732
393 155 0.137834874
393 251 0.15222721
393 103 0.114515382
394 290 0.102057743
394 411 0.181555257
394 364 0.185294817
394 311 0.169088131
395 257 0.196973071
395 234 0.137778307
395 433 0.169239669
395 179 0.101179016
395 180 0.185137391
395 55 0.175919481
395 410 0.199300899
395 254 0.148009634
395 351 0.195825813
396 178 0.11753228
396 399 0.155330147
397 353 0.190198
397 66 0.106377993
397 69 0.132725713
397 491 0.144622612
397 46 0.165689099
397 340 0.158616507
397 249 0.181626063
397 443 0.147060421
398 448 0.192327741
398 230 0.168541512
398 13 0.107657246
398 175 0.185888786
398 369 0.165960878
398 151 0.177458473
398 347 0.199711517
398 223 0.183799299
399 193 0.108102855
399 450 0.178184434
399 426 0.172240733
399 239 0.172619048
399 112 0.171138543
399 209 0.116380576
399 464 0.149747233
400 330 0.140364152
400 43 0.191920669
400 231 0.117837797
400 110 0.122794407
400 143 0.198604092
401 99 0.179355671
401 422 0.174882523
401 297 0.168899294
401 362 0.172472141
401 140 0.170151326
401 244 0.197927492
401 426 0.155669145
402 416 0.164785172
402 26 0.104815308
402 317 0.131444327
402 278 0.100348694
402 183 0.186429393
403 32 0.187757547
403 167 0.173664777
403 138 0.145749682
403 111 0.116813557
403 406 0.189658329
403 439 0.186074678
403 217 0.198735173
404 405 0.162318666
404 201 0.163443691
404 244 0.11163653
404 141 0.179738144
404 293 0.103521585
405 424 0.108644236
405 491 0.148536554
405 133 0.127008893
405 478 0.124510936
406 99 0.165607204
406 429 0.172569307
406 208 0.148827089
406 307 0.191574978
406 285 0.153454379
406 222 0.10348818
407 417 0.137039555
407 130 0.165814311
407 388 0.16119587
407 197 0.189914438
407 90 0.151251403
407 190 0.178978879
408 33 0.135820305
408 436 0.188754489
408 321 0.176110016
408 185 0.18534059
408 159 0.126961979
409 497 0.182972229
409 316 0.16531469
409 29 0.140390638
409 143 0.144621768
410 497 0.116770523
410 100 0.168100876
410 357 0.16670569
410 6 0.186249047
410 7 0.186819178
410 104 0.175640348
410 296 0.165670948
410 51 0.180216123
410 404 0.151997518
410 441 0.101697869
411 104 0.169071461
411 449 0.136141217
411 378 0.118364627
411 215 0.181178793
412 336 0.197706754
412 335 0.193163779
412 207 0.192541595
413 68 0.189158254
413 424 0.130569171
413 363 0.135689019
413 303 0.122138735
413 121 0.177516256
413 186 0.1333031
413 444 0.175167798
414 160 0.108138583
414 424 0.100258807
414 423 0.145300877
414 262 0.197572204
414 183 0.182379648
415 434 0.102191182
416 496 0.154551955
416 354 0.110240216
416 340 0.172640851
416 85 0.144655096
416 303 0.117047782
417 322 0.132592298
417 7 0.141191
417 267 0.182339443
417 204 0.185542016
417 468 0.18937252
417 315 0.13472533
417 413 0.145970152
418 441 0.104903402
418 42 0.116445791
418 55 0.115544397
418 139 0.159198987
418 7 0.181489908
419 265 0.160334792
419 162 0.181074439
419 323 0.156762868
419 269 0.101576227
420 144 0.198890488
420 273 0.156105264
420 396 0.153753274
421 121 0.175184569
421 258 0.105710097
422 69 0.142920184
422 125 0.190652559
423 288 0.106821146
423 170 0.187268256
423 467 0.183157191
423 217 0.17375969
423 25 0.153849626
423 61 0.175268186
424 392 0.116870785
424 241 0.157129468
424 26 0.170840896
424 428 0.1707305
424 484 0.118012465
425 400 0.193787377
425 321 0.17279816
425 411 0.165196164
425 197 0.188769817
425 142 0.131725148
426 371 0.143340091
426 353 0.104976163
426 155 0.138635923
426 332 0.143795782
427 288 0.138969995
428 482 0.173770339
428 182 0.19424942
428 205 0.199015102
428 239 0.132055404
428 54 0.122434134
428 253 0.114571906
428 30 0.132167992
429 353 0.127680416
430 272 0.153695279
430 4 0.189274439
430 357 0.148015774
430 456 0.145242204
430 107 0.11811213
430 240 0.126057096
430 368 0.187831663
430 59 0.178185133
431 64 0.157765307
431 387 0.137768309
431 6 0.136747811
431 358 0.10525277
431 424 0.187540798
431 335 0.104637686
431 48 0.117075022
431 279 0.106210593
431 408 0.149288868
431 485 0.167610216
432 456 0.185829412
432 271 0.14132674
432 109 0.139870363
432 157 0.189118988
433 51 0.165642154
433 389 0.106983287
433 424 0.178236547
433 139 0.117434869
433 109 0.164884651
433 365 0.158806245
433 240 0.15792874
433 179 0.127614165
433 438 0.146135666
433 60 0.131398486
433 191 0.179425564
434 195 0.144220564
434 263 0.116622771
434 233 0.19761429
434 147 0.153896522
434 53 0.15391161
434 314 0.149813665
434 157 0.19577412
435 280 0.150238945
435 412 0.124630323
435 134 0.146808976
436 87 0.182714089
436 107 0.142613188
436 147 0.174596778
436 277 0.106172958
436 215 0.124815268
436 410 0.174933281
437 32 0.162514441
437 441 0.126565004
437 226 0.136877959
438 10 0.127887004
438 112 0.120433313
438 307 0.112086633
438 59 0.141698769
438 362 0.127587558
438 94 0.183546749
439 73 0.171979612
439 238 0.167797518
440 145 0.168889974
440 234 0.173388247
440 370 0.105276603
440 342 0.142595488
441 97 0.135921052
441 358 0.187820562
441 331 0.130629327
441 142 0.184728462
441 179 0.110528954
441 470 0.166591438
442 257 0.190200981
442 356 0.107981902
442 406 0.104601539
442 337 0.152667574
443 383 0.197858257
443 249 0.15977889
443 83 0.152210428
443 246 0.159220418
443 111 0.182747876
444 312 0.195194263
445 163 0.187583533
445 196 0.138678418
445 437 0.163004569
445 310 0.106835737
446 234 0.186038634
446 92 0.163129537
446 414 0.192402624
447 290 0.190992651
447 307 0.184161642
447 427 0.17855177
447 62 0.137745108
447 151 0.144772048
448 152 0.147260796
448 437 0.142578298
448 302 0.102898529
448 47 0.106981783
449 132 0.193700857
449 5 0.189795586
449 462 0.198124878
449 310 0.106450711
449 473 0.152228916
449 92 0.174046407
450 105 0.177329095
450 123 0.103057162
450 187 0.113804356
450 203 0.160454597
451 120 0.152378007
451 376 0.118065678
451 197 0.138630388
451 422 0.196068636
452 66 0.152275854
452 336 0.161091759
452 245 0.133247479
452 153 0.104845068
452 216 0.173816971
452 121 0.168401147
452 126 0.117442298
453 296 0.104083591
453 369 0.181127388
453 418 0.161690212
453 484 0.155344301
453 151 0.158863913
454 90 0.172113067
454 259 0.149352793
454 220 0.190361071
454 130 0.113913912
454 294 0.113215634
455 448 0.100909126
455 464 0.153902145
455 13 0.143517458
456 168 0.108314986
456 105 0.140585804
456 433 0.11598377
457 49 0.107026368
457 451 0.179154267
457 204 0.104435791
457 126 0.13855512
457 481 0.143430477
458 196 0.183106122
458 201 0.147853359
458 13 0.160240486
458 461 0.13090059
458 439 0.139894246
458 313 0.132057287
458 347 0.18644363
459 335 0.181380338
459 485 0.169117086
459 79 0.17057437
460 288 0.133850512
460 138 0.125005469
460 330 0.124978441
460 154 0.184025058
460 38 0.129095117
461 192 0.134217428
461 367 0.176650621
461 125 0.195584046
461 475 0.145201354
461 71 0.150166515
462 241 0.167783221
462 467 0.117537907
462 30 0.191516622
463 414 0.11593491
463 206 0.193917047
463 431 0.115786661
464 384 0.14665853
464 346 0.140758757
464 466 0.180605527
464 95 0.142016501
465 434 0.123283453
465 454 0.101150596
465 86 0.182609855
465 375 0.117655286
466 356 0.180361015
466 174 0.134130899
466 369 0.124980316
466 246 0.125009702
466 442 0.105092503
466 155 0.130078849
467 456 0.111200911
467 156 0.199596237
467 203 0.197676223
467 497 0.164330261
467 159 0.133043545
467 316 0.132908671
467 191 0.167197573
468 202 0.100264634
468 205 0.158918048
468 391 0.149958834
469 411 0.161523027
469 389 0.190017404
469 465 0.155847644
469 218 0.132040272
469 219 0.108385664
469 413 0.113306288
469 63 0.1140569
470 273 0.14248291
470 162 0.122272496
470 179 0.112382909
470 204 0.166241829
470 227 0.196082547
471 355 0.12983562
471 140 0.178061467
471 479 0.147780538
471 198 0.125982604
471 311 0.143813505
472 130 0.179810691
472 195 0.156057675
473 162 0.133972787
473 469 0.13717129
473 303 0.160819716
474 480 0.13583752
474 131 0.184317976
474 132 0.110996534
474 296 0.137911851
474 492 0.132993304
474 267 0.189359592
474 236 0.160687515
474 50 0.162474881
474 344 0.112444604
475 259 0.936207319
475 324 0.971410593
475 71 0.957549468
476 329 0.959283492
476 75 0.959450914
476 209 0.911143568
476 233 0.972845428
476 248 0.963443074
476 58 0.965480383
476 412 0.9664101                                                                                                                                                                                                                                                                                                                                                                                                                                                                                                                                                                                                                                                                                                                                                                                                                                                                                                                                                                                                                                                                                                                                                                                                                                                                                                                                                                                                                                                                                                                                                                                                                                                                                                                                                                                                                                                                                                                                                                                                                                                                                                                                                                                                                                                                                                                                                                                                                                                                                                                                                                                                                                                                                                                                                                                                                                                                                                                                                                                                                                                                                                                                                                                                                                                                                                                                                                                                                                                                                                                                                                                                                                                                                                                                                                                                                                                                                                                                                                                                                                                                                                                                                                                                                                                                                                                                                                                                                                                                                                                                                                                                                                                                                                                                                                                                                                                                                                                                                                                                                                                                                                                                                                                                                                                                                                                                                                                                                                                                                                                                                                                                                                                                                                                                                                                                                                                                                                                                                                                                                                                                                                                                                                                                                                                                                                                                                                                                                                                                                                                                                                                                                                                                                                                                                                                                                                                                                                                                                                                                                                                                                                                                                                                                                                                                                                                                                                                                                                                                                                                                                                                                                                                                                                                                                                                                                                                                                                                                                                                                                                                                                                                                                                                                                                                                                                                                                                                                                                                                                                                                121699711301
473 141 0.180318898669
473 381 0.110309912991
474 322 0.131018343046
474 362 0.192195444284
474 429 0.147574307763
474 477 0.159393089957
474 467 0.176470853321
474 249 0.171856084227
474 285 0.180945883957
475 473 0.904459131832
475 407 0.96090477425
475 223 0.987329564526
476 378 0.905118744934
476 123 0.989801762362
476 29 0.942078875242
476 459 0.900502454829
477 18 0.974354720316
477 348 0.900329308001
477 37 0.99320772133
477 214 0.943776021787
478 358 0.980463886826
478 143 0.913771035067
478 370 0.940469000668
478 51 0.907257373478
478 472 0.924084249118
478 219 0.92338567883
479 257 0.939043359921
479 482 0.944177729926
479 373 0.947363532951
480 483 0.951217910843
480 213 0.97665387784
480 431 0.944669560514
481 48 0.943608752128
481 81 0.999670061043
481 298 0.963675816754
481 362 0.920849734802
482 194 0.993559631579
482 259 0.928792050806
482 420 0.98127620624
482 430 0.965033334173
482 120 0.945365622615
482 61 0.914122664183
483 97 0.927221324068
483 293 0.958728624432
483 466 0.916217274024
483 122 0.955141482026
483 220 0.964702516496
483 446 0.94828251312
484 368 0.917138166471
484 19 0.911043407634
484 207 0.945050117425
485 391 0.967544781863
485 247 0.97504793471
485 271 0.955648776435
485 145 0.906875413943
485 214 0.950083884523
485 311 0.906750779724
486 73 0.947648279418
486 418 0.998695591034
486 62 0.998039161506
486 209 0.999659400339
487 32 0.985789362245
487 451 0.93321932067
487 105 0.923794403674
487 365 0.981892514233
487 335 0.903253204363
487 336 0.982348563531
487 84 0.963501104322
487 431 0.928761390988
488 33 0.998141247512
488 83 0.932317459928
488 236 0.923328747775
488 345 0.97136868441
489 76 0.932113646234
489 269 0.950312846003
489 39 0.930877108836
490 282 0.914114579191
490 95 0.985173484408
491 352 0.987629550712
491 72 0.965464411538
491 169 0.912992809911
491 145 0.937405411767
491 182 0.993896760915
491 479 0.982871365677
491 286 0.974873927209
491 159 0.994088074778
492 2 0.967549477189
492 451 0.901676887746
492 135 0.984111586101
492 296 0.903317827235
492 299 0.941884681992
492 45 0.913727129513
492 143 0.948724848065
492 246 0.989895398602
492 408 0.917138071088
492 447 0.940682556233
492 415 0.971635861836
493 352 0.912899558056
493 193 0.922890568326
493 195 0.978762526046
493 331 0.969829943159
493 336 0.901239513954
493 157 0.959955356427
494 128 0.998726928156
494 73 0.918477851018
494 307 0.936170791267
494 220 0.929092467189
494 342 0.949070000789
495 240 0.910445824792
495 353 0.988433409062
495 92 0.972861092278
496 242 0.926682745411
496 68 0.957223628376
497 386 0.921766282275
497 276 0.987473640401
497 317 0.933798199701
497 446 0.949614225305
498 56 0.924958686524
498 162 0.905689569853
498 99 0.921983755712
498 468 0.921163205566
499 449 0.955911842322
499 460 0.923943099201
499 267 0.935672382134
499 140 0.904856297636
499 12 0.90248703025
499 181 0.984004889983
